90
215
86
211
396
39
56
386
107
28
110
23
67
135
96
385
47
83
105
43
60
44
135
94
69
148
57
45
2
431
98
34
98
338
82
20
438
22
74
170
100
32
87
57
37
72
64
90
83
59
205
61
68
104
61
143
136
45
214
70
99
120
41
166
32
250
50
65
110
38
32
187
51
106
41
87
95
179
74
223
77
105
167
60
61
117
92
407
44
82
161
55
200
35
138
50
129
84
103
354
38
87
102
81
180
46
446
60
49
44
35
45
67
48
30
33
76
77
22
121
77
208
27
338
44
103
100
61
97
49
55
79
181
49
69
78
58
46
172
130
45
75
164
112
46
129
36
38
165
61
143
123
93
114
305
19
226
77
49
90
162
82
289
63
35
131
368
72
89
48
74
39
290
151
56
65
97
46
71
81
351
82
84
96
58
69
32
92
97
67
61
53
155
49
167
235
57
13
162
103
83
89
279
169
383
56
24
73
47
119
224
38
100
26
125
30
58
49
148
42
128
55
401
73
32
66
90
106
157
190
166
35
41
76
80
67
24
64
50
108
132
60
46
48
159
40
140
334
150
91
67
237
107
108
57
46
49
78
70
138
79
171
76
80
73
44
37
141
175
51
43
201
55
386
65
85
132
46
360
73
52
91
50
310
46
93
34
186
66
86
70
72
54
69
56
24
54
97
134
122
64
132
95
29
323
227
40
63
39
40
334
60
133
22
66
28
56
68
63
180
55
68
57
104
96
76
58
65
68
163
107
41
77
515
105
111
50
70
79
77
125
44
72
81
102
47
109
74
180
60
137
188
231
184
13
132
72
121
83
92
60
398
144
239
65
88
22
74
95
37
67
74
74
51
58
166
15
83
68
133
54
62
168
164
77
69
112
255
42
75
291
64
208
60
38
116
293
58
168
50
30
62
160
55
62
20
85
31
46
172
61
64
79
127
103
47
62
133
81
82
55
227
33
102
101
66
51
43
147
395
54
53
69
35
55
39
137
143
73
76
118
163
67
48
42
39
65
73
125
41
69
64
81
155
92
536
178
72
192
79
67
126
48
48
814
78
485
41
47
75
96
87
196
120
69
64
172
441
68
127
190
116
282
42
117
65
61
50
470
63
195
58
76
59
101
89
82
42
47
336
208
68
309
502
39
56
296
176
90
62
118
151
127
72
69
34
132
17
152
67
81
176
91
120
207
149
122
214
79
134
79
38
35
176
50
98
45
46
50
670
69
166
91
81
34
106
63
54
75
33
51
84
81
118
98
71
160
162
71
42
67
67
146
139
144
61
115
58
49
39
91
35
53
61
219
108
51
163
207
163
54
61
51
82
93
49
52
52
113
62
86
134
386
74
76
44
39
90
88
49
71
45
69
176
111
108
73
59
157
91
145
37
82
76
138
62
182
186
204
79
129
161
83
56
96
88
74
372
37
11
61
81
172
323
452
93
56
48
62
61
49
74
196
54
82
208
229
108
64
166
62
40
114
40
85
191
130
73
549
114
66
39
165
71
61
89
142
360
142
60
79
64
162
102
70
63
62
631
280
45
141
74
32
218
56
122
79
327
47
55
59
62
78
207
91
88
36
139
56
57
136
164
31
90
103
140
68
76
571
75
71
34
78
72
51
64
85
170
96
370
41
51
98
81
53
157
51
88
55
36
101
98
70
45
88
189
108
201
72
63
279
23
87
30
152
45
34
93
71
89
112
154
93
94
167
59
65
74
75
22
59
71
59
31
54
105
61
12
339
34
41
231
78
70
13
77
50
83
25
33
189
156
63
19
62
386
62
61
114
11
92
47
75
129
37
13
336
101
56
52
87
137
96
61
79
61
96
87
119
61
27
46
77
106
89
414
255
63
60
88
50
54
172
43
75
31
118
113
106
536
37
101
46
59
48
102
134
112
70
59
126
712
32
266
84
170
168
26
142
82
58
70
53
499
91
282
28
24
27
100
61
53
26
142
258
36
20
30
137
44
467
118
47
78
134
9
447
101
48
461
116
137
121
71
86
225
119
83
57
21
118
225
42
119
68
106
118
65
99
78
137
88
229
107
24
77
62
141
46
162
49
97
50
97
283
75
129
149
83
49
28
59
68
80
421
56
333
69
68
57
53
61
127
54
45
133
70
103
88
127
25
98
157
77
102
288
79
1
46
63
56
44
200
81
57
71
248
261
63
68
59
172
46
103
45
65
73
26
60
178
40
78
40
41
57
79
49
286
39
138
68
54
141
246
127
73
29
67
48
210
250
36
50
148
63
73
106
61
63
101
