837
375
584
2208
-1
1255
-1
591
763
1993
901
-1
946
803
569
1484
-1
360
581
846
1502
488
-1
2293
325
-1
783
409
1082
346
1624
1037
1482
441
396
-1
595
1254
2576
591
597
940
1638
382
639
-1
649
1473
563
570
952
861
507
494
861
957
535
1334
563
489
668
475
2842
2674
-1
771
2828
554
809
760
363
388
1357
1020
355
476
-1
569
689
561
919
337
816
641
901
970
869
112
670
1489
3601
719
288
587
384
504
974
75
607
488
872
447
473
22
1555
897
821
575
965
564
428
439
452
961
262
569
796
718
740
431
-1
786
-1
657
485
204
904
440
235
-1
1124
347
748
482
975
228
769
1233
661
561
-1
814
605
1083
-1
1724
541
622
3968
-1
1325
463
-1
394
643
1144
868
1714
443
1251
324
1134
326
855
744
804
576
439
556
430
599
1087
1312
895
450
498
627
1145
1693
-1
791
2008
979
640
907
-1
780
529
626
-1
139
93
836
687
724
468
800
-1
2110
408
-1
688
516
1125
551
165
514
456
498
-1
538
648
1103
3141
299
674
1277
409
1451
1104
801
1248
582
486
674
-1
1283
620
714
1796
1113
718
2857
1080
502
798
560
540
575
626
417
674
466
702
-1
1586
391
4331
899
1043
1924
773
1052
1520
318
445
424
415
146
572
757
405
1066
419
1297
-1
619
1496
388
1065
652
773
1465
-1
559
318
1291
1627
948
453
226
710
-1
789
405
439
-1
492
3222
424
712
1129
-1
1180
-1
1171
585
491
687
-1
789
562
1096
530
1142
880
732
887
1600
1646
792
747
718
1445
2262
-1
556
330
474
516
1062
1543
1123
400
1185
-1
775
609
1040
-1
451
664
467
645
549
-1
679
820
546
776
752
2094
-1
-1
802
3018
87
436
322
697
386
1473
1517
-1
532
2141
508
686
608
488
333
820
913
598
2743
435
990
599
250
727
691
1551
533
1021
-1
1087
704
53
-1
2999
304
321
633
567
11
650
460
1020
715
407
1674
2385
595
418
214
-1
727
535
121
510
169
1409
201
1514
572
576
-1
-1
600
611
874
628
922
716
541
435
967
451
185
1648
-1
477
434
692
821
471
-1
390
520
406
224
332
1918
-1
-1
1746
610
436
-1
-1
662
281
364
891
2724
-1
317
880
729
226
308
806
-1
685
146
902
561
718
667
232
1022
404
-1
-1
4332
801
577
607
447
1427
789
1504
3443
317
1837
726
459
740
238
817
1489
-1
1763
1785
796
962
901
-1
657
1272
537
725
530
1033
830
978
593
1072
1692
438
-1
766
437
530
644
952
-1
618
1231
966
574
318
757
565
495
908
577
480
745
1370
757
794
770
789
1090
528
833
667
721
979
-1
274
681
703
441
335
1983
641
454
296
913
327
501
634
683
592
-1
428
551
417
1186
418
827
612
614
921
160
1696
784
952
327
311
806
482
386
910
-1
876
577
251
547
451
776
488
1388
527
1088
293
-1
376
495
625
245
692
484
300
-1
-1
137
415
835
-1
-1
75
1251
516
1107
-1
669
1238
1097
509
884
589
364
621
435
508
241
311
505
719
84
944
946
683
252
756
-1
420
597
586
449
648
1026
829
591
584
735
528
690
3594
1150
-1
207
696
-1
1599
421
1889
1669
328
414
1347
597
328
1289
860
797
950
238
1594
1135
644
-1
-1
458
-1
285
605
690
-1
332
559
737
1784
414
552
849
832
610
808
519
745
803
884
695
1239
529
314
1906
440
493
1368
793
2360
1279
333
898
389
328
792
1168
1929
616
460
668
430
580
867
869
262
1005
1875
2325
1803
741
616
-1
571
-1
1106
-1
752
989
116
409
156
663
-1
278
1212
449
1105
2080
1728
1509
-1
1266
964
526
438
2296
1116
1148
815
321
494
274
642
-1
737
322
706
1269
1062
1715
556
834
731
647
393
3907
1458
689
-1
558
736
1202
895
783
1206
794
830
753
454
-1
489
438
759
687
-1
1000
253
613
626
856
2315
1189
1932
453
551
123
437
835
611
-1
953
1499
604
225
759
-1
1291
910
834
929
411
-1
684
577
804
1029
264
776
679
825
909
579
501
671
1242
-1
592
535
452
1200
1170
775
591
-1
603
500
441
502
500
385
561
-1
-1
1284
1106
468
1217
1878
1021
659
1107
235
2509
2377
784
481
519
897
437
1380
850
867
643
694
-1
188
617
903
615
735
-1
844
614
263
1024
1375
504
435
484
385
197
883
-1
495
739
660
598
561
-1
917
969
1401
888
-1
712
524
2727
-1
639
587
-1
660
468
752
505
1504
671
528
2174
694
1637
1012
747
70
2077
740
471
89
1030
-1
435
-1
290
628
-1
-1
941
2976
3016
1432
636
3370
530
535
649
302
407
565
-1
549
637
263
484
1956
-1
661
573
281
897
682
316
-1
555
547
242
796
1789
639
872
870
403
834
582
834
839
326
476
2925
601
863
-1
-1
883
-1
880
-1
-1
473
1814
600
-1
942
558
1467
476
941
474
1159
497
575
675
277
605
566
871
1187
1979
588
1016
696
-1
531
2110
1341
426
2932
530
1613
1441
864
257
564
326
