2319
-1
5199
-1
-1
-1
-1
2997
-1
-1
1764
-1
4770
-1
-1
-1
3338
1039
-1
-1
-1
3088
1017
1555
-1
-1
-1
5700
-1
-1
-1
-1
-1
2875
-1
-1
-1
537
-1
-1
-1
2359
3084
-1
-1
-1
-1
-1
2337
1823
-1
2208
-1
-1
4626
4101
-1
2437
-1
3644
3805
1070
-1
4724
-1
1386
-1
-1
-1
-1
-1
-1
-1
1628
-1
-1
-1
1270
792
-1
-1
1921
-1
2812
-1
-1
-1
-1
-1
1130
-1
-1
-1
-1
-1
-1
-1
-1
6265
-1
915
-1
1430
-1
2583
3847
2669
2953
-1
-1
2399
-1
-1
2627
-1
-1
2909
-1
-1
4258
2798
-1
2324
3171
-1
-1
-1
-1
-1
2494
2221
-1
-1
-1
1404
1958
-1
-1
-1
-1
-1
-1
982
-1
-1
2881
-1
-1
-1
-1
-1
2656
-1
-1
3278
3932
-1
3235
1760
-1
-1
551
6437
3874
1797
2322
2010
-1
-1
-1
1394
-1
-1
3010
-1
6162
-1
-1
-1
-1
-1
-1
-1
2801
-1
-1
3455
-1
-1
-1
3714
-1
2672
-1
3890
-1
4661
252
3585
-1
-1
-1
-1
-1
3439
-1
-1
-1
4320
-1
-1
6066
1961
-1
3644
-1
-1
-1
-1
-1
-1
7515
-1
-1
4201
1345
-1
2164
-1
-1
-1
-1
2268
-1
-1
5886
2067
3347
-1
-1
-1
3395
-1
-1
-1
-1
-1
3473
2695
2096
-1
-1
3003
-1
-1
-1
-1
2633
-1
-1
-1
-1
-1
2813
-1
-1
1745
3182
-1
-1
-1
-1
-1
3205
3594
1979
-1
-1
-1
-1
-1
2171
-1
590
5901
-1
1993
-1
-1
-1
-1
-1
2790
-1
-1
-1
-1
-1
4467
-1
-1
-1
-1
-1
-1
-1
-1
-1
-1
1196
1604
-1
-1
-1
-1
-1
9486
2054
-1
-1
3335
4536
-1
-1
4195
3552
2421
-1
-1
-1
-1
-1
3695
1856
-1
5355
2668
1280
-1
-1
-1
-1
-1
-1
-1
-1
3089
-1
-1
-1
5163
3245
-1
-1
-1
-1
6549
-1
336
-1
-1
2675
-1
-1
1562
-1
2408
701
-1
-1
2911
-1
6401
-1
-1
-1
-1
1517
-1
5906
-1
-1
-1
4255
-1
-1
-1
5528
-1
-1
-1
1157
-1
-1
-1
2233
-1
3337
4474
-1
5088
-1
-1
-1
1076
-1
-1
-1
-1
1747
-1
2327
7341
1735
-1
-1
2058
-1
-1
-1
-1
2104
-1
-1
-1
-1
-1
-1
-1
-1
-1
-1
1461
687
-1
-1
-1
4090
-1
-1
-1
-1
-1
5106
-1
-1
-1
-1
-1
-1
1246
-1
-1
-1
-1
-1
6377
4686
-1
-1
-1
-1
-1
388
-1
2795
-1
3577
352
4072
-1
2223
428
-1
-1
1930
-1
-1
-1
-1
-1
-1
-1
-1
2419
2930
-1
-1
297
-1
-1
994
-1
-1
-1
-1
3221
-1
630
433
-1
-1
-1
-1
-1
5091
3377
-1
-1
-1
-1
1638
-1
-1
-1
-1
-1
3379
5450
-1
1810
-1
5235
-1
-1
-1
-1
-1
-1
-1
-1
-1
-1
-1
-1
515
3126
-1
-1
-1
3618
2908
-1
-1
3080
1044
1333
-1
5722
-1
-1
-1
1555
-1
-1
771
1994
6565
-1
-1
-1
-1
-1
-1
-1
1069
-1
3795
-1
619
1018
-1
3683
3445
-1
-1
-1
4772
1005
-1
-1
-1
6168
5905
-1
-1
-1
-1
-1
5460
2761
-1
-1
2607
-1
2166
-1
-1
-1
-1
-1
8668
-1
651
-1
-1
1259
-1
-1
-1
-1
-1
-1
-1
492
2971
-1
-1
-1
-1
-1
7563
1521
-1
-1
-1
-1
1911
-1
-1
-1
-1
-1
-1
-1
4343
-1
-1
-1
-1
3539
-1
-1
1736
-1
2727
-1
1233
-1
3183
2484
-1
2498
-1
-1
3250
454
-1
-1
2015
-1
-1
156
-1
4331
-1
3804
6493
1337
-1
-1
-1
-1
5625
3495
-1
-1
-1
-1
-1
-1
-1
2725
-1
5023
-1
-1
3300
-1
-1
-1
-1
-1
7736
2066
-1
1777
-1
4194
-1
-1
-1
-1
-1
6062
2808
-1
-1
3760
2317
-1
1977
-1
-1
1662
-1
-1
-1
-1
-1
-1
2526
-1
-1
-1
-1
2128
-1
-1
3905
2948
-1
-1
-1
2183
-1
-1
-1
-1
-1
-1
-1
-1
-1
-1
-1
4803
-1
2639
-1
3553
-1
-1
-1
-1
-1
3542
-1
-1
4115
-1
-1
2565
-1
-1
-1
-1
4110
-1
3650
1836
-1
-1
3545
-1
1997
5053
-1
-1
-1
-1
2466
-1
-1
-1
1181
-1
2447
-1
1098
-1
-1
-1
-1
3874
1182
893
-1
4426
2668
2709
1964
4195
1386
5449
-1
4724
-1
-1
-1
-1
-1
-1
-1
3723
1149
-1
-1
-1
1664
1485
2509
2043
-1
-1
2798
-1
-1
4489
1919
-1
-1
-1
2016
-1
-1
-1
3594
-1
4950
-1
1603
386
4507
-1
-1
-1
-1
487
-1
-1
2942
2161
-1
3578
4596
2627
-1
3159
-1
1135
-1
-1
1305
-1
2040
2265
-1
-1
-1
-1
-1
-1
-1
-1
2104
3837
-1
-1
-1
-1
3943
-1
-1
-1
-1
-1
2910
-1
-1
-1
-1
-1
4457
-1
-1
2275
-1
-1
2888
-1
2234
-1
-1
-1
-1
-1
2106
1412
-1
-1
-1
7363
-1
-1
-1
-1
-1
-1
-1
1654
-1
-1
-1
-1
-1
-1
-1
-1
-1
1076
5318
2209
-1
-1
-1
3636
-1
-1
-1
-1
-1
-1
4553
-1
3913
-1
-1
-1
2696
-1
-1
-1
-1
-1
-1
-1
-1
-1
-1
-1
1202
-1
-1
-1
-1
8060
2032
-1
-1
1520
3943
-1
-1
8732
-1
-1
-1
-1
-1
-1
-1
2389
-1
4836
-1
3874
-1
-1
-1
377
-1
285
3938
-1
-1
2509
-1
-1
-1
