10 30
31880882 -153486489 338882760 -147137098 -32162454 -847099546 385139124 -156887533 -960386814 589821213
2 1 737
3 2 449
10 2 150
4 6 280
7 10 266
6 1 742
3 8 995
1 3 318
10 4 838
8 9 839
1 10 592
9 3 725
1 4 660
7 2 136
7 6 454
9 2 291
6 10 130
6 9 762
7 4 259
3 6 411
5 4 386
5 9 275
8 6 94
3 4 686
1 8 581
4 8 48
7 9 577
5 7 743
10 8 792
7 3 885
30
2 7 2 0
9 3 6 0
6 8 5 0
5 1 4 0
7 10 5 1
3 5 8 1
4 7 9 0
4 1 1 0
7 3 5 0
7 2 8 1
9 4 8 0
4 1 7 1
2 4 5 0
10 2 6 0
9 6 7 1
6 8 10 0
2 6 3 1
9 10 3 1
3 10 4 1
1 3 9 1
6 3 8 0
7 5 8 0
10 6 2 1
5 3 2 1
8 4 5 1
6 7 7 1
9 3 10 0
5 8 4 1
3 2 8 0
8 7 5 1
