10 25
267929083 211286819 -47885273 -897204209 817931896 181189646 478157194 791547183 -261256184 -718130872
6 9 224
10 7 116
2 6 768
7 5 204
4 9 190
7 2 440
5 9 298
9 1 835
4 8 656
1 6 231
3 2 346
5 2 596
8 7 370
4 7 559
10 4 708
10 2 401
8 9 654
4 3 213
1 3 677
2 8 697
10 6 358
5 6 37
5 1 704
5 10 776
8 10 716
30
4 1 4 1
1 2 1 1
9 1 5 1
4 2 5 0
8 6 2 0
6 3 3 0
10 2 6 0
1 4 2 0
7 4 3 1
4 3 1 0
9 8 10 1
4 2 10 0
9 3 1 0
7 3 1 1
6 9 2 1
2 6 1 1
9 5 7 1
9 7 10 1
6 2 9 1
5 8 2 1
1 3 10 0
7 10 3 0
8 6 2 0
1 4 8 0
1 7 5 0
5 6 6 0
9 5 4 1
4 5 9 1
9 8 1 1
9 5 2 0
