77 0
-629486200 -60161566 -531720953 -328328223 -854673535 146634189 685067668 -15301076 297808206 160024128 -70686060 -384019725 104494993 771673911 -342100732 467385972 495721008 949744628 -718263098 578190565 -252835224 252576572 287311898 -612857638 -988238114 -110251343 587188094 236482313 -734231177 -236238011 141669982 -752951548 83687874 369865659 -538318087 79920313 525397332 434088911 -452890888 -102862042 672344668 -352569529 -559900807 803732203 302240775 75496599 448626905 -786334456 -88693383 -186782105 -956772693 -270681135 -451715658 999911963 604232948 198251901 168403743 388626731 992389628 -727469241 -937361855 -296090221 -188963048 -770819893 91141146 757184255 76820770 87632925 437668143 -433142973 895351600 170995060 34732659 -497092600 457013432 26785396 -732560388
30
74 63 11 1
36 28 37 1
76 63 27 1
21 16 35 0
15 22 9 1
55 45 54 1
3 6 21 1
1 40 8 1
25 19 65 1
46 25 72 0
10 21 31 1
35 65 5 1
7 11 66 0
55 42 42 0
45 60 77 1
22 5 40 0
21 27 24 0
51 19 29 1
37 60 12 0
45 14 38 0
22 24 33 1
63 73 53 0
55 50 75 1
52 37 41 0
61 65 60 0
4 11 14 1
68 23 30 1
34 65 8 0
10 38 53 1
33 26 25 0
