200 200
10 30 10 2 -20 10 20 10 200 20 9 -20 0 -20 2 10 2 0 9 -5 20 10 0 2 200 200 10 30 30 0 10 20 -5 2 2 -5 0 9 2 0 10 0 2 0 9 0 30 0 0 0 20 -5 9 -20 2 -20 10 9 8 -20 9 200 200 200 8 -20 0 2 -20 9 30 2 -20 2 -5 -5 -5 -5 20 -5 20 9 10 9 200 30 30 9 30 200 10 2 -20 8 2 2 20 30 30 9 30 9 30 9 20 20 200 -5 30 0 -5 -20 8 9 -20 0 200 -5 10 30 0 10 200 0 -20 -20 200 200 8 8 -20 30 -20 -5 0 -5 -20 0 -20 20 200 -5 0 2 -20 10 30 8 200 200 -5 30 -20 -5 8 200 10 2 10 30 8 2 -20 10 8 2 10 30 2 200 8 2 9 9 20 200 30 0 30 30 -5 200 2 10 30 2 -5 0 -5 0 2 -5 10 20 200 200 8 8 200 10
88 9 48
96 170 154
21 151 920
166 68 231
188 120 352
179 73 484
19 93 270
99 20 727
87 64 437
98 94 132
123 181 492
123 77 662
28 97 212
148 14 31
130 1 750
82 132 774
117 150 619
187 200 38
65 38 102
53 87 595
185 10 928
76 84 156
89 111 604
100 10 817
130 140 218
32 173 749
157 41 250
175 179 601
13 195 638
66 48 324
12 32 885
139 59 368
94 148 279
97 199 240
66 81 779
35 64 303
135 20 944
184 147 322
136 111 517
173 176 316
48 187 499
133 78 557
52 123 856
82 172 607
122 37 487
52 71 950
107 5 121
50 140 619
123 75 129
191 199 104
58 46 843
156 130 920
65 182 194
72 15 565
78 136 201
164 140 671
65 46 427
138 47 366
156 169 440
85 112 990
140 169 636
134 125 317
5 141 698
199 12 465
163 90 800
164 5 539
186 70 336
13 7 782
178 114 903
170 198 214
159 90 382
146 23 258
63 28 750
112 178 362
176 140 51
176 55 7
66 41 476
154 53 634
135 30 748
37 151 297
50 110 386
184 55 561
193 117 740
143 29 117
56 4 256
58 131 711
64 149 151
92 102 355
125 188 336
24 25 887
121 26 348
106 161 2
66 106 871
5 200 651
73 7 806
129 64 489
191 79 237
93 170 90
199 95 829
134 118 5
20 190 183
167 96 95
121 113 1000
143 70 351
193 142 157
198 22 172
86 164 51
74 8 620
115 6 866
144 140 536
100 111 925
82 30 420
177 150 285
176 92 906
79 36 399
35 33 21
159 71 536
9 144 744
28 11 701
94 106 40
29 5 703
153 87 332
125 63 633
161 190 476
66 20 511
64 7 895
36 165 765
172 173 61
67 152 223
167 45 728
159 25 932
61 130 370
192 6 784
176 166 174
51 31 945
113 46 551
159 82 515
76 5 887
88 23 991
110 141 987
189 99 412
72 159 893
42 102 498
25 29 863
150 79 245
95 143 42
45 102 275
112 177 479
150 64 453
140 125 194
127 113 92
90 184 203
182 177 504
79 154 333
93 55 163
137 149 858
130 146 311
5 9 287
83 158 902
88 50 378
81 176 442
124 17 377
126 198 554
182 76 459
66 120 913
180 8 214
37 137 911
147 141 519
185 176 628
38 63 877
15 95 604
8 18 220
185 96 617
90 77 644
115 60 873
122 73 662
59 183 408
151 53 145
126 81 782
140 157 149
34 113 956
4 132 140
99 101 229
175 96 128
68 11 588
92 132 612
153 142 547
161 93 999
57 18 79
190 110 388
138 143 300
46 146 783
137 44 883
118 170 979
45 37 941
32 129 672
196 81 614
58 140 601
75 171 591
136 158 728
1000
79 9 11 0
62 20 4 0
4 23 9 0
58 167 5 1
95 35 4 0
16 156 1 0
105 29 9 0
64 90 9 1
68 44 7 0
49 54 12 1
37 96 12 0
68 192 5 0
101 149 14 0
79 37 1 0
38 74 5 1
10 80 4 0
123 102 11 0
9 23 7 0
164 97 4 1
96 69 11 0
86 103 7 0
121 166 13 1
47 70 14 0
11 134 13 1
18 148 5 1
48 80 3 0
33 143 4 1
133 156 9 1
96 97 4 1
102 39 8 0
85 70 6 1
60 111 3 1
181 2 5 0
9 64 11 1
96 121 7 0
80 73 15 0
162 119 1 1
200 48 10 0
59 65 5 1
103 129 10 1
173 142 3 1
23 14 14 1
63 75 14 0
51 160 12 1
174 152 12 1
8 95 12 0
105 192 5 1
196 104 3 0
138 147 12 0
106 58 15 0
62 140 14 1
126 82 7 1
118 133 2 1
168 147 1 1
86 195 14 1
85 34 13 1
113 116 2 1
71 92 15 1
74 69 7 0
66 36 10 1
150 20 10 0
41 164 8 1
134 116 13 1
26 95 10 1
197 26 9 1
134 66 13 1
22 154 7 0
119 102 15 0
165 138 5 1
157 27 9 0
101 31 9 0
145 100 13 1
47 57 8 1
88 161 7 0
106 181 2 1
49 133 12 0
49 112 14 1
58 65 8 1
35 129 7 1
170 91 15 1
117 167 1 0
55 56 13 1
20 3 9 1
191 185 10 1
14 105 7 1
1 59 6 1
156 29 3 1
111 19 8 1
182 67 10 1
146 58 12 1
74 90 5 1
78 106 4 1
107 24 6 0
49 121 3 0
64 145 14 0
188 117 8 0
150 183 3 0
91 117 1 1
111 112 9 1
51 59 12 1
130 22 14 0
176 71 6 1
149 97 12 1
49 72 7 0
189 55 10 0
165 200 10 0
144 191 11 1
172 189 13 1
76 28 7 0
15 37 6 0
12 7 8 1
99 67 6 1
17 117 14 0
191 120 12 1
100 162 1 1
92 97 5 0
15 87 11 0
76 51 4 0
135 103 3 0
68 195 14 0
73 36 12 1
192 143 3 0
129 144 14 1
148 76 15 0
16 41 12 0
65 174 9 0
120 11 2 1
14 105 5 1
77 108 8 1
120 182 15 1
143 32 13 1
21 174 15 1
172 180 12 0
40 32 3 0
30 176 11 1
25 77 14 0
79 54 2 0
14 180 1 0
200 47 4 1
62 65 15 1
108 39 7 1
149 154 2 1
164 170 10 0
127 53 3 1
146 14 1 0
144 177 15 0
67 147 5 1
173 105 4 1
188 160 5 0
94 183 4 0
34 194 10 0
48 55 6 0
176 17 2 0
116 76 7 1
73 132 8 1
181 131 13 0
167 16 3 1
137 176 6 1
28 53 14 0
18 184 10 1
151 168 3 0
46 113 7 0
122 133 13 0
94 87 12 1
65 55 15 0
173 127 9 1
185 107 15 0
49 192 15 0
198 162 4 0
55 57 2 1
113 58 4 0
12 53 4 1
171 6 13 1
153 63 14 0
150 53 4 0
78 199 9 1
156 91 5 0
120 56 7 0
30 39 14 0
81 96 7 0
18 173 5 0
171 62 6 1
58 103 4 1
4 179 13 0
79 8 5 0
138 41 3 1
148 70 10 1
105 73 11 1
59 28 8 0
69 96 9 1
15 102 7 1
183 190 10 1
117 127 15 1
69 9 13 0
71 99 8 0
197 13 5 1
111 131 13 0
55 125 8 1
165 176 10 0
162 1 8 1
172 36 2 1
80 30 3 1
180 28 9 0
58 75 4 1
55 146 8 0
141 149 4 1
117 57 6 1
128 86 14 0
64 98 9 1
104 197 8 0
125 157 1 1
151 78 14 0
110 95 10 0
60 137 13 0
92 193 10 1
174 129 13 0
160 194 4 0
82 136 8 1
171 187 5 1
13 1 7 0
43 145 14 0
158 24 14 0
31 149 14 1
17 3 10 1
182 196 9 0
166 106 12 0
67 196 2 1
176 99 14 1
162 7 5 0
121 168 9 0
57 122 5 1
28 192 1 0
184 135 13 1
33 13 9 0
165 167 7 1
121 24 10 1
77 58 8 1
53 195 10 0
68 108 12 1
24 40 6 0
2 18 8 0
176 21 10 1
108 89 5 1
10 197 11 1
17 55 8 1
30 188 2 1
97 93 7 0
178 34 14 0
82 181 15 1
141 169 10 1
147 111 5 0
72 109 9 1
53 172 7 1
37 39 14 1
107 82 2 0
121 84 5 1
116 141 11 1
114 149 12 1
32 131 3 1
24 16 6 1
93 145 9 1
89 9 4 0
148 165 2 1
19 100 14 1
14 83 4 1
100 184 1 1
45 126 14 1
53 134 11 0
129 170 1 1
140 194 2 0
184 96 6 1
92 142 1 0
60 118 5 0
65 77 13 0
30 118 8 0
175 20 11 0
35 164 3 0
155 4 4 0
122 5 6 1
156 37 6 0
61 81 5 1
37 55 10 0
32 109 4 0
5 86 7 0
52 26 10 1
16 152 8 0
61 38 14 0
194 40 8 1
158 156 3 1
98 112 1 0
49 29 11 1
38 3 14 1
131 84 15 0
86 159 1 0
144 165 2 1
123 119 14 1
102 94 3 0
102 82 5 0
111 161 10 0
27 165 15 1
165 200 7 0
160 125 10 1
187 196 3 1
192 116 5 1
26 185 1 1
182 192 7 1
104 133 15 0
68 151 2 0
132 145 14 1
184 185 15 0
20 130 10 0
163 59 8 0
85 198 2 0
93 199 5 0
136 186 4 1
60 14 10 1
127 154 9 0
46 36 11 1
163 120 1 0
67 14 6 1
61 93 9 0
137 173 9 0
54 130 5 0
43 51 8 1
24 45 13 0
112 169 14 1
150 125 7 1
189 43 2 1
21 130 5 0
82 179 6 0
174 200 12 1
21 193 3 0
196 52 8 1
122 153 15 0
197 7 4 0
45 158 13 0
29 106 15 0
185 58 7 1
140 2 9 1
120 145 1 0
147 67 2 0
128 53 4 0
32 29 6 1
181 100 7 1
82 51 14 1
25 163 8 0
52 41 14 1
145 69 14 0
39 28 7 0
10 12 2 0
100 13 13 1
102 182 8 1
154 27 7 0
166 53 4 0
151 57 13 0
18 9 4 0
127 158 10 1
161 57 7 0
125 188 11 1
24 158 3 1
196 161 1 1
73 88 11 0
108 154 3 0
75 125 4 1
99 48 11 1
192 131 12 1
172 87 6 1
11 28 11 1
47 190 5 1
69 129 15 1
188 36 12 0
90 76 1 0
12 58 9 0
162 26 6 1
48 157 3 0
99 77 4 0
95 116 1 0
190 187 14 0
40 26 15 0
46 158 13 1
174 37 14 0
91 169 2 0
37 29 5 1
11 26 14 1
184 124 5 1
57 63 9 1
145 199 13 0
85 163 12 0
134 145 11 0
50 156 3 0
198 97 9 0
185 22 12 0
27 6 5 1
162 199 9 0
40 133 11 1
32 117 10 1
127 187 8 1
190 177 12 1
19 143 9 0
176 178 5 1
65 111 15 0
41 98 4 0
124 56 1 1
24 143 8 0
118 167 14 1
113 40 1 0
39 135 10 0
199 43 9 0
137 17 2 1
177 137 15 0
74 22 8 0
184 42 10 1
186 133 12 1
198 5 13 1
147 137 4 1
188 53 3 0
70 76 9 0
14 8 2 1
157 27 1 0
71 103 12 0
39 145 7 1
88 196 13 1
180 143 9 1
29 75 1 1
130 182 2 0
31 138 2 1
196 10 4 0
3 73 2 0
12 158 1 0
157 17 3 1
160 163 5 0
14 35 2 1
157 102 13 0
186 143 11 0
56 114 9 1
96 2 3 0
111 99 6 1
129 52 14 1
96 155 8 0
98 200 4 1
157 16 1 0
69 82 13 0
97 48 5 1
23 173 7 0
94 159 5 0
124 155 12 0
74 20 11 0
190 109 7 1
155 148 4 1
130 48 6 0
191 112 10 1
42 95 6 1
188 191 7 0
30 59 15 1
88 21 2 1
153 62 13 0
156 164 7 0
158 170 14 0
187 67 2 0
59 193 11 0
55 188 4 1
77 168 7 0
163 29 8 0
190 110 11 1
165 158 1 0
93 52 7 1
19 91 5 1
163 127 12 1
14 161 14 0
184 58 9 0
114 25 1 1
58 163 10 1
172 140 13 1
148 177 6 0
115 34 7 1
200 125 14 0
91 87 13 0
27 37 5 1
23 18 9 0
87 163 7 0
136 116 3 0
69 22 2 0
165 22 6 1
38 152 9 1
196 131 8 1
200 179 10 1
43 95 11 0
103 31 5 1
37 151 15 0
185 59 9 0
130 169 7 0
146 96 14 0
122 49 3 0
170 22 2 1
51 1 11 1
187 170 3 0
198 47 11 0
28 143 9 0
45 92 8 1
55 19 10 0
41 145 1 1
4 89 8 1
98 80 13 0
147 140 2 1
119 133 5 1
13 121 15 1
30 37 9 0
194 167 1 0
33 93 7 0
60 135 1 0
158 149 6 1
184 75 9 1
103 13 10 0
47 160 13 0
96 105 9 0
4 139 2 0
2 162 2 1
36 92 9 0
122 26 11 1
168 27 14 1
106 61 10 1
49 108 3 1
150 181 15 0
96 6 6 0
7 67 8 1
98 117 3 0
125 105 3 0
82 33 6 1
28 12 2 1
129 147 6 0
19 111 9 1
173 37 3 0
60 77 14 1
143 76 6 0
133 17 4 1
159 82 9 1
58 189 14 0
146 106 1 1
64 93 5 1
192 20 2 0
50 29 8 1
95 38 4 1
171 192 4 0
105 56 5 0
12 114 13 1
68 61 13 0
33 137 12 1
72 150 5 0
114 148 14 1
162 80 13 1
169 28 3 1
167 98 7 1
11 134 15 0
193 163 6 0
7 50 3 0
90 176 12 0
71 15 10 1
87 89 10 1
106 27 14 1
71 191 1 0
198 127 4 0
104 106 8 1
55 78 2 1
18 59 1 0
29 128 8 0
66 125 10 0
99 142 3 1
112 82 13 0
14 34 7 0
117 150 11 1
41 184 11 1
177 158 3 1
7 48 10 1
153 41 12 1
99 180 1 1
9 85 3 1
184 168 14 0
13 163 15 1
120 134 12 0
184 171 2 0
74 140 11 1
179 86 3 0
135 78 15 1
193 75 10 0
185 81 8 0
196 79 5 1
5 123 3 1
71 3 9 1
2 148 4 1
190 78 10 1
84 151 15 1
19 117 2 0
43 44 6 1
193 76 10 0
119 31 6 0
46 35 11 1
185 116 12 0
197 75 15 0
72 115 7 1
175 104 2 0
36 115 9 1
184 21 9 0
100 114 6 1
5 200 8 0
60 29 13 0
57 94 14 1
33 191 10 0
68 35 1 0
192 65 5 1
101 116 11 1
137 108 9 0
98 82 6 0
10 30 1 0
193 185 7 0
181 123 1 1
34 61 12 0
174 141 5 1
42 77 6 1
83 122 1 0
135 6 6 0
174 182 7 1
44 78 9 0
110 118 12 0
138 118 1 0
199 18 15 0
191 140 4 1
172 139 4 1
166 129 15 1
140 181 7 1
189 2 11 0
109 64 1 1
137 3 12 1
51 95 5 1
39 193 5 1
131 189 7 1
101 12 15 0
142 88 5 1
112 136 2 0
21 72 3 0
132 117 1 1
154 121 12 1
109 50 9 0
184 7 1 1
120 187 11 1
151 194 5 0
82 138 14 1
56 29 1 0
144 22 14 0
158 34 8 0
98 97 15 0
7 140 10 1
85 23 8 1
58 79 12 0
102 152 12 1
146 189 3 1
144 87 13 1
35 149 1 1
160 180 5 0
57 99 14 1
23 187 15 1
109 132 6 1
76 39 12 0
84 76 15 0
18 10 9 0
9 137 8 1
57 15 15 0
26 175 14 1
158 12 15 0
41 200 12 1
2 91 3 1
61 16 2 1
82 18 15 0
127 115 8 0
129 120 9 0
66 181 10 1
189 146 4 1
116 12 2 0
81 8 4 0
27 85 12 1
14 165 2 0
155 92 13 1
187 131 8 1
86 150 14 0
169 191 8 0
133 41 13 1
184 13 8 0
99 9 4 0
117 122 9 0
115 87 4 0
30 79 1 1
135 150 4 0
11 103 5 0
199 103 15 1
68 196 6 1
163 167 12 0
126 98 7 0
96 46 10 0
164 192 14 1
127 122 10 0
87 62 1 1
192 8 8 1
108 199 3 1
192 110 13 0
24 123 4 0
78 72 13 1
73 14 15 0
145 163 2 1
94 84 6 1
47 163 11 1
146 129 13 1
90 106 5 0
11 82 10 0
57 34 12 1
3 120 5 0
191 186 8 1
174 96 12 0
198 107 2 1
12 152 5 0
1 18 13 1
36 170 1 0
109 24 3 0
90 38 13 0
143 162 12 1
132 134 2 0
48 184 9 1
59 109 5 1
182 34 15 1
137 69 2 0
190 99 4 1
50 137 9 1
151 166 9 1
85 175 1 1
86 190 3 1
107 70 1 0
132 37 7 1
200 8 4 0
44 70 8 0
100 104 12 0
108 189 14 0
195 52 4 0
3 112 14 0
65 170 3 0
181 1 6 1
32 107 6 1
51 188 10 1
25 67 2 0
127 171 13 0
173 74 10 0
199 127 13 1
51 139 10 0
154 176 9 0
196 128 10 1
63 59 3 1
7 145 12 0
123 67 15 1
54 155 6 1
35 200 12 0
5 92 7 0
29 84 6 1
148 52 15 1
194 114 2 0
111 168 7 0
156 113 14 0
18 71 1 1
74 179 10 0
135 54 6 1
100 32 2 0
129 100 9 1
77 161 2 0
98 10 9 1
140 22 8 1
19 152 6 1
179 97 4 1
117 170 14 0
162 57 1 1
9 148 12 1
121 148 8 1
197 133 5 1
10 60 7 1
112 99 6 0
43 57 8 0
182 138 11 0
53 63 1 0
11 69 5 1
38 41 4 0
61 175 11 1
103 76 7 0
88 170 8 1
192 145 1 1
102 96 10 0
188 48 3 0
190 160 14 0
59 116 4 1
24 176 9 0
137 61 7 1
134 164 12 0
72 159 9 1
187 180 11 0
10 34 14 1
163 52 12 1
22 123 15 0
29 176 9 0
24 45 13 0
66 134 8 0
158 92 12 1
120 179 1 0
195 94 13 0
176 107 2 1
8 50 1 0
158 82 8 1
142 80 11 1
79 155 4 0
142 100 8 0
54 60 14 1
66 171 11 0
188 50 15 1
183 163 2 1
98 21 8 1
130 17 1 0
153 7 3 1
150 53 4 1
30 129 9 1
15 184 12 0
110 115 3 0
70 95 1 0
58 199 7 1
174 71 3 1
135 199 3 1
89 144 10 1
107 61 12 1
167 73 1 0
118 180 13 0
54 48 8 0
87 178 13 0
15 18 2 0
113 103 1 1
55 57 1 0
97 195 10 0
11 18 9 1
133 172 15 0
95 114 1 1
135 161 4 0
22 170 15 0
85 48 15 1
158 6 14 0
193 158 8 1
163 180 9 0
185 15 1 1
37 122 15 1
193 132 6 1
37 190 4 0
126 113 10 1
30 102 7 1
51 136 8 1
173 26 11 0
135 63 9 1
129 147 14 1
52 41 4 1
25 53 11 1
15 52 7 0
79 87 15 0
186 26 4 0
19 70 5 0
198 106 13 0
156 154 3 0
137 154 8 1
198 58 8 1
110 1 3 0
63 51 1 1
194 95 13 1
140 173 2 0
132 8 14 0
133 86 6 1
194 148 15 1
41 183 12 1
88 196 15 0
46 189 13 0
2 154 9 1
55 104 4 0
178 92 8 0
172 70 6 0
72 193 11 1
183 91 7 0
43 25 2 0
163 68 6 1
191 18 7 0
172 105 6 1
187 140 4 0
196 138 3 0
91 172 12 0
132 174 11 1
170 123 6 0
182 102 4 0
171 187 12 0
44 119 10 1
41 112 5 0
156 48 12 0
81 11 8 0
33 16 3 0
46 20 9 1
88 40 4 0
33 173 13 0
165 47 8 0
108 64 11 1
94 86 4 1
2 98 3 0
105 162 13 1
36 137 15 1
173 9 10 1
40 108 2 1
54 147 11 0
37 164 4 1
36 158 14 1
199 26 7 1
194 180 13 0
91 14 7 0
119 21 1 0
142 74 6 0
184 51 4 0
109 132 4 0
87 112 7 1
152 7 2 1
70 60 15 0
80 177 2 1
96 160 3 1
187 192 9 1
115 43 1 0
59 88 10 0
42 180 2 1
137 18 11 0
37 154 15 1
199 73 6 1
41 42 14 1
28 24 2 1
197 138 13 0
182 124 6 1
88 112 9 1
74 192 5 0
146 197 10 1
42 195 5 0
118 6 9 0
104 116 15 0
2 37 15 1
52 113 11 0
44 18 8 0
26 149 11 1
21 128 15 1
12 56 7 0
71 33 6 1
23 79 8 1
157 191 8 0
105 199 10 0
109 7 12 0
53 138 8 0
170 3 2 0
176 184 2 0
60 20 11 1
124 37 14 1
102 182 7 0
188 194 8 0
119 122 13 1
63 199 9 1
102 135 2 0
72 2 14 0
127 115 6 1
69 96 3 1
32 136 9 0
5 79 13 1
18 76 13 1
155 169 8 1
30 184 13 0
56 106 9 0
34 40 10 1
121 159 4 0
87 198 9 0
162 128 14 0
149 98 2 0
11 52 8 0
66 181 1 0
107 148 7 1
178 30 8 1
19 51 14 0
68 182 9 1
102 101 8 0
193 159 7 1
116 55 10 0
61 137 9 1
31 4 14 0
195 133 3 0
99 64 7 0
172 176 10 1
156 67 14 0
177 150 14 0
141 35 9 1
127 163 8 0
54 147 12 1
1 148 11 1
29 126 7 0
144 183 11 1
50 103 7 0
