-1
2285
-1
1918
-1
621
723
-1
-1
2569
-1
-1
-1
-1
2571
812
667
2078
-1
-1
2630
536
2484
-1
-1
-1
-1
-1
-1
2263
-1
-1
-1
-1
-1
-1
1906
2430
-1
2233
-1
-1
3318
-1
-1
1053
2123
-1
-1
116
1322
2456
5578
245
-1
2252
1058
1986
-1
-1
-1
1814
-1
137
2684
2522
3398
1358
184
3359
1958
712
2393
-1
-1
652
-1
-1
-1
760
-1
1944
-1
3921
-1
-1
1414
2653
2219
1795
1589
-1
-1
361
791
-1
2029
1273
2870
2300
-1
3159
-1
-1
1008
-1
-1
-1
-1
-1
-1
-1
1810
1579
-1
-1
-1
-1
4346
-1
-1
-1
-1
-1
2770
-1
1548
-1
1312
1504
2364
-1
-1
-1
2988
2938
-1
-1
-1
3172
-1
2879
-1
-1
-1
1483
1751
-1
652
1324
-1
-1
-1
169
3022
-1
-1
2380
301
-1
2633
-1
-1
-1
-1
-1
1395
2779
-1
-1
5035
-1
-1
-1
-1
-1
490
-1
-1
-1
1626
1349
-1
2371
-1
-1
-1
-1
-1
-1
2391
4141
-1
-1
-1
824
1367
1076
-1
2706
3510
-1
41
-1
2025
2346
-1
-1
-1
-1
-1
-1
-1
1176
-1
-1
-1
1912
215
-1
197
924
1211
2116
-1
1745
140
-1
-1
2302
-1
1779
-1
1581
-1
-1
-1
1418
-1
-1
-1
-1
-1
378
5206
-1
-1
-1
-1
-1
3918
-1
1250
-1
2704
1966
2956
2454
1663
-1
3925
1404
-1
449
-1
-1
-1
2507
-1
-1
-1
-1
1160
-1
-1
-1
-1
-1
-1
1632
-1
-1
1548
1471
-1
-1
-1
-1
-1
624
-1
2023
3781
-1
-1
-1
-1
-1
-1
-1
