-1
-1
-1
-1
-1
-1
-1
-1
-1
-1
-1
-1
-1
-1
-1
-1
-1
-1
-1
-1
-1
-1
-1
-1
-1
-1
-1
-1
-1
-1
-1
-1
-1
-1
-1
1756
-1
-1
-1
-1
-1
-1
-1
-1
-1
-1
-1
-1
-1
-1
-1
-1
-1
-1
-1
-1
-1
-1
-1
-1
-1
-1
-1
1544
-1
-1
-1
2730
-1
-1
-1
623
-1
-1
-1
3705
-1
-1
1639
-1
-1
-1
-1
653
-1
-1
-1
-1
-1
-1
2090
-1
-1
-1
-1
-1
3391
-1
-1
-1
2663
-1
-1
-1
-1
-1
-1
728
-1
-1
-1
-1
-1
1330
-1
-1
-1
-1
-1
-1
-1
-1
-1
-1
-1
-1
2877
3490
-1
2437
1131
-1
-1
-1
-1
-1
-1
3634
-1
-1
-1
-1
-1
-1
-1
2511
-1
-1
-1
-1
-1
-1
-1
-1
-1
-1
-1
3618
523
-1
-1
-1
-1
-1
-1
-1
-1
-1
-1
-1
-1
-1
2311
-1
-1
-1
871
-1
-1
3858
-1
-1
-1
-1
-1
-1
-1
-1
-1
2161
-1
-1
-1
-1
-1
-1
1167
-1
-1
840
1109
-1
-1
-1
1763
-1
-1
-1
496
-1
-1
-1
-1
-1
-1
-1
2572
-1
2869
-1
-1
-1
-1
946
-1
-1
2729
-1
1392
1392
-1
-1
-1
-1
-1
-1
-1
-1
-1
-1
-1
364
-1
-1
-1
-1
-1
695
-1
-1
2663
-1
-1
-1
639
2878
-1
-1
-1
3076
-1
-1
-1
-1
-1
-1
2227
-1
-1
-1
-1
2867
1544
1127
1918
2770
-1
-1
-1
-1
-1
-1
-1
-1
-1
-1
-1
-1
-1
-1
-1
-1
1357
-1
-1
-1
-1
-1
1975
-1
