429
142
65
44
59
39
91
300
101
69
66
118
272
35
46
145
144
82
76
819
850
271
68
28
46
116
153
73
84
99
110
71
58
112
145
205
71
82
74
72
108
84
165
296
96
47
1262
194
81
83
88
60
109
72
25
133
87
257
36
637
37
349
87
108
66
74
17
132
71
140
33
30
74
223
112
72
107
364
40
77
331
72
127
149
33
128
457
150
58
77
74
56
78
95
140
34
88
622
90
170
84
96
88
43
167
754
98
94
882
44
117
76
102
292
88
178
289
210
183
123
160
132
338
57
27
100
109
66
17
419
226
73
85
453
378
405
73
245
71
280
77
127
46
165
303
51
232
90
367
69
66
210
70
87
96
266
63
77
46
70
37
96
77
293
26
62
116
92
70
645
136
241
587
142
30
136
233
60
860
56
181
171
68
22
247
70
67
134
21
94
58
58
77
92
415
73
102
89
107
457
341
61
78
134
174
33
364
64
92
62
61
64
36
90
137
158
55
162
39
73
58
152
89
81
212
160
93
86
133
95
127
327
151
370
6
21
40
110
108
24
138
97
120
267
135
108
89
36
276
152
93
63
65
34
412
25
62
90
63
62
184
69
353
69
327
77
172
126
683
81
23
563
76
198
14
68
36
92
322
394
83
17
55
14
515
46
47
33
197
24
214
95
134
453
56
45
65
181
73
73
