-1
467
-1
751
678
2554
2190
841
-1
-1
-1
-1
1303
-1
1187
1067
-1
2161
-1
1564
1048
1481
1924
993
684
1507
-1
1269
-1
2620
654
111
1294
1051
1076
1461
1347
1271
1618
1241
1556
1938
913
1981
2428
1715
1363
1250
1033
4569
1151
498
-1
1203
1645
1792
1422
1060
1739
-1
-1
950
2103
1620
-1
-1
1221
897
2137
1361
-1
823
864
1319
1016
-1
1276
958
1636
1101
2126
2076
1986
1140
1206
-1
1019
1019
2718
336
1277
-1
-1
3175
-1
1708
2259
1818
2210
1249
2358
-1
786
915
1059
901
642
-1
1531
1658
1130
449
1377
632
-1
1044
1093
1636
1316
-1
4894
2166
4373
-1
1693
-1
2762
856
-1
1826
-1
1621
2189
5349
667
-1
-1
1935
1652
1739
1135
2876
1034
1296
-1
731
1235
930
1195
1622
1045
1292
911
-1
1931
-1
2143
1097
1274
-1
606
914
1499
2051
6310
1086
497
1139
2500
1267
-1
1323
-1
-1
1424
-1
-1
884
-1
1639
1262
1045
-1
1811
574
-1
-1
799
1671
1248
-1
2218
1536
-1
2773
1072
1034
1551
1330
1163
-1
649
-1
758
1243
-1
1282
-1
1591
810
2665
306
1526
1392
1109
1169
853
1644
2422
-1
1088
1739
746
-1
-1
1810
-1
1758
1741
-1
1137
1895
782
1055
3192
939
1194
1097
1756
2016
4214
1364
2961
771
1268
1247
2743
1376
886
-1
1551
922
1145
2537
886
-1
1587
1498
-1
1065
615
580
1267
-1
1178
1718
-1
153
1640
1635
2237
1079
-1
2471
1226
1381
1687
1153
1543
-1
1134
975
1731
1889
2046
2016
-1
1412
1726
542
1305
-1
918
1036
1433
2196
1643
1247
-1
972
1305
-1
4342
1459
1510
1235
-1
3275
863
1699
-1
-1
1301
1495
3441
2329
-1
-1
1264
2352
1072
1706
1647
1971
1485
-1
1368
1687
-1
3037
818
520
846
-1
1568
2016
615
1651
2338
2040
-1
-1
1631
746
3261
2756
1885
661
1705
1118
475
1661
-1
1314
1974
895
-1
1321
1459
2101
-1
-1
2143
-1
1213
2015
2846
-1
2069
982
1568
699
247
1734
1344
1148
921
1472
1801
843
-1
467
2369
-1
-1
949
1070
-1
-1
702
2240
1254
-1
1190
1379
846
2307
-1
3059
-1
-1
689
1462
1295
1303
-1
2050
-1
1538
1162
1162
1077
1692
1663
1345
1624
560
2105
1588
1860
-1
-1
1033
1591
1755
813
1551
1289
1206
2694
1460
1541
-1
912
4707
-1
2425
1028
1195
2260
858
1141
1096
1169
-1
1790
711
2044
1813
1247
1703
1531
3966
-1
-1
2204
233
-1
1769
1275
2048
2302
2630
1373
1801
995
-1
-1
-1
1791
1024
2150
867
796
1272
2279
-1
786
1587
1455
1450
1164
1114
1285
1534
2954
892
-1
1482
1335
606
-1
921
1168
-1
1826
1240
2132
1017
5358
1211
1036
-1
1838
2471
507
1224
-1
174
-1
1169
538
1240
1642
2721
1235
1312
1926
-1
-1
-1
1633
6171
-1
-1
-1
2602
-1
1739
1631
-1
1750
1341
-1
2499
-1
1240
2036
-1
2382
962
1229
1363
-1
1432
1249
-1
1799
1650
1078
2341
2062
1104
1658
2780
2747
873
479
1347
1412
1714
1834
-1
-1
1146
-1
891
-1
1650
1339
1310
1123
1788
2196
1061
1312
1753
1240
2851
3581
766
1990
567
1221
4190
411
1640
917
1506
1628
2336
-1
2830
1173
-1
1640
814
-1
-1
-1
1084
1805
-1
1391
1572
539
1678
1097
-1
1474
-1
1752
1117
-1
1248
1207
1096
-1
1440
1888
523
1568
1154
3362
2907
1478
-1
818
1901
-1
-1
2277
-1
-1
-1
2251
1362
1938
1578
-1
799
1544
1254
1260
2307
-1
837
-1
1221
1593
-1
-1
1070
1331
3113
-1
-1
603
-1
891
1405
1905
1742
2905
1681
3468
1098
815
1228
1892
1332
895
1112
1156
933
608
1183
839
1774
-1
-1
-1
-1
1029
956
3855
1797
1158
2255
3672
4535
2360
1696
-1
1279
2040
1109
1228
1265
-1
1075
1408
-1
1103
-1
863
-1
2927
1534
1113
2717
2701
1668
1434
859
1489
3231
1456
1716
1329
1757
-1
2591
1905
2628
1241
1207
656
978
4592
1292
-1
1332
-1
1857
1319
1499
-1
-1
342
337
1553
2145
399
704
-1
-1
1181
1168
570
-1
1875
2845
595
-1
953
1356
1457
1184
-1
-1
956
1962
-1
-1
2457
2831
-1
-1
-1
1410
1043
2207
2061
1502
2072
1313
451
1560
1535
-1
-1
1574
888
463
-1
679
963
-1
2376
-1
1307
-1
1686
-1
1111
1851
-1
3663
1823
1066
-1
1477
552
698
2365
1231
2498
-1
2267
-1
1506
1649
1278
1465
867
-1
712
1300
-1
791
-1
1788
1111
1012
1683
2814
539
1020
2809
395
-1
-1
1283
1449
1303
1496
414
-1
1284
790
2929
4070
-1
-1
-1
1212
1112
1367
-1
-1
2048
1106
740
2501
1354
1121
1323
454
573
1415
293
1756
559
-1
1359
966
1655
1361
-1
2177
870
983
-1
1430
-1
810
-1
1874
2121
701
-1
-1
-1
644
-1
1490
1255
325
-1
1691
-1
1807
-1
831
-1
1649
2879
1245
497
-1
1861
1264
3865
1684
3556
1372
1011
8352
1437
-1
-1
1208
1345
1066
-1
700
1652
1799
2220
-1
2075
1350
1596
-1
1519
1663
-1
1285
638
1298
1207
111
1394
1704
-1
1592
2291
-1
2029
1101
-1
591
1055
3008
423
1534
1606
933
-1
1807
-1
1419
-1
-1
1364
-1
1557
1399
-1
2823
1237
1556
1126
1712
676
4118
1528
414
3494
1470
1730
1295
1501
971
-1
572
1031
1881
1037
1265
-1
1447
1952
943
840
-1
-1
-1
-1
3202
1628
1158
1465
1281
-1
1456
7751
1077
1295
