100 150
-369344971 -26106377 -310148527 846874829 347800651 -40859509 66726185 372289699 352580899 -949070647 -713823237 827058531 841735787 335331938 -324181532 -552657807 -190152523 -548109619 -893282434 454430183 -395314624 -577756024 -61289684 -276831096 -442274545 -983326723 -67535353 -318958722 996188540 688829130 -845149844 866412929 377800183 -388119771 514539704 364682055 -42872353 -76927844 745000157 -75581683 284693391 48405190 -721810012 -114016239 874170926 890884977 -601881367 459655844 -876853161 103280520 -395358276 6279899 -262917008 99941729 -141999392 -47708219 -86948171 778921528 315993675 -231789442 253332197 467034432 -585005031 -687411468 479498598 -705767410 258654563 18120210 -500287761 -382005090 146101705 -68979936 230859427 894324414 298388293 -442050411 101304627 -259450408 688291472 -684203 590070218 895163297 -123531631 -222812706 736378155 -118622899 739563813 968046091 -888020653 -222309050 -841000713 -590645790 278477011 481131351 -501990782 -987074906 -893299877 -793302135 353070770 -493167253
45 54 140
60 42 231
6 49 88
57 48 153
24 39 494
35 44 198
71 26 107
30 79 336
87 15 197
10 9 452
35 54 957
74 65 299
56 70 999
95 79 646
47 2 437
92 89 780
42 59 257
100 89 736
36 27 350
32 36 158
35 23 663
44 48 327
94 4 449
92 50 79
37 49 680
73 40 320
4 81 779
61 33 667
96 68 245
45 51 581
54 86 303
17 29 550
95 22 905
43 65 807
73 1 55
5 26 846
24 29 27
2 41 111
20 36 378
65 32 728
97 38 965
51 6 45
52 100 618
9 95 682
15 67 883
69 71 360
14 47 540
92 48 681
54 20 868
31 36 100
11 32 589
75 34 294
72 85 245
89 93 539
71 59 958
5 79 180
64 45 526
3 88 126
35 42 645
3 24 680
54 34 163
42 61 396
35 32 632
79 72 777
70 42 635
79 46 966
58 61 910
36 16 549
61 50 290
57 4 566
88 57 399
50 98 811
97 84 494
28 63 66
4 84 559
91 62 857
8 71 669
17 6 184
17 66 786
7 74 989
72 61 246
22 10 143
85 58 679
78 86 41
95 41 176
6 83 337
62 90 407
30 58 265
14 75 330
99 33 304
87 56 216
84 29 526
79 13 35
57 43 320
49 89 213
24 94 347
12 55 689
70 37 498
34 2 972
64 52 456
19 38 163
86 74 492
63 52 956
98 8 698
69 56 487
33 79 880
80 42 87
68 11 423
65 45 776
89 60 227
96 30 116
59 15 689
2 78 440
57 75 47
55 95 254
93 28 884
24 7 625
62 26 236
36 42 980
11 82 539
37 78 920
53 88 634
41 89 263
81 45 137
79 51 984
33 95 311
16 19 817
93 32 894
28 68 335
7 78 169
97 15 146
68 67 133
1 59 621
64 91 917
52 22 368
62 45 621
32 13 813
64 58 592
83 45 350
60 13 646
26 58 565
92 42 766
3 14 581
93 30 884
14 49 171
19 63 767
92 46 180
56 9 189
48 43 533
97 3 45
300
95 28 2 0
72 43 76 1
56 18 38 1
84 86 62 1
48 28 45 1
59 1 54 1
48 97 80 1
51 25 90 1
26 49 1 0
24 26 28 1
96 65 23 0
3 84 32 1
11 77 47 1
29 53 17 1
1 96 71 0
72 13 80 1
61 33 70 1
10 49 67 0
66 89 35 1
24 67 21 0
95 68 56 0
72 50 72 0
72 74 91 1
53 40 96 0
61 32 47 0
50 3 26 0
38 93 14 1
66 48 50 0
3 72 4 1
73 27 97 1
100 39 28 1
78 23 41 1
6 39 50 1
93 76 46 1
68 59 37 0
59 38 17 0
9 72 91 0
98 87 77 0
25 4 53 1
78 45 43 1
35 92 39 0
67 36 9 0
46 45 71 1
83 40 69 0
63 59 28 0
97 4 61 0
59 65 78 1
9 20 19 0
63 9 22 1
96 30 20 1
26 42 97 1
33 65 55 1
75 82 60 0
85 72 47 0
37 24 30 0
95 1 92 1
61 13 91 0
94 62 98 0
55 46 31 1
63 37 35 0
70 46 12 1
17 58 100 0
82 29 54 1
81 45 85 1
9 27 98 1
40 47 72 0
92 54 34 1
42 20 95 0
17 6 16 0
15 90 96 1
43 24 76 0
60 17 95 0
66 48 78 1
71 24 8 0
9 13 66 1
7 29 96 1
44 81 79 0
70 26 6 1
49 81 2 0
50 48 99 0
95 28 31 0
4 90 41 1
54 59 44 0
87 39 76 1
19 54 40 1
80 45 3 1
78 4 92 0
51 90 93 0
70 75 62 0
16 54 36 1
12 79 82 1
18 57 32 1
11 71 28 1
68 30 73 0
86 65 23 1
6 67 33 0
94 46 99 0
51 87 78 0
17 59 64 1
68 95 74 1
18 1 71 0
82 95 81 0
11 3 55 0
69 87 43 1
84 94 23 1
32 100 48 1
11 12 34 1
6 59 7 0
11 29 59 1
75 39 11 1
93 65 2 1
3 96 27 1
41 49 71 1
1 71 72 0
82 57 40 0
15 98 14 0
78 24 20 1
15 30 37 0
46 90 72 1
38 99 85 1
99 8 2 0
78 25 61 0
81 52 1 0
1 66 23 1
90 42 82 1
24 18 10 0
60 34 69 0
32 53 26 1
60 79 81 0
3 93 99 0
97 52 81 0
17 3 27 1
97 8 9 1
77 71 40 1
4 8 84 0
13 62 68 1
40 48 13 0
93 63 29 0
14 10 37 0
12 63 88 1
70 49 31 0
71 34 74 1
18 12 42 0
79 18 70 0
82 64 71 1
93 11 10 1
47 92 65 1
79 77 31 0
7 29 49 0
63 22 59 1
85 52 62 1
21 83 94 1
99 16 46 0
78 7 96 1
98 12 85 1
88 68 7 0
48 55 75 1
29 85 93 0
89 6 28 0
89 73 11 0
88 8 81 0
14 76 41 0
87 77 90 0
96 21 44 0
47 5 31 1
50 43 20 0
23 80 95 0
90 33 83 0
65 99 14 1
91 76 79 1
66 5 63 0
77 6 15 0
63 45 6 1
40 77 18 1
57 13 8 1
97 42 47 1
41 60 53 0
88 31 50 0
35 13 17 0
70 84 38 1
80 43 95 0
20 13 84 1
77 92 25 0
33 23 86 0
35 39 8 1
21 57 78 1
21 94 70 0
29 7 26 0
50 21 31 0
85 67 48 0
58 24 85 1
47 71 67 0
9 74 6 0
30 83 36 0
28 58 45 0
64 22 69 0
42 99 85 1
17 84 38 1
60 23 16 1
45 82 90 0
7 95 33 1
77 21 90 1
78 86 12 0
8 80 10 0
31 46 79 0
30 16 73 0
90 88 46 1
21 87 38 0
81 23 14 0
43 56 64 1
41 76 16 1
7 25 1 0
71 79 36 1
46 60 92 1
47 89 21 0
75 59 45 0
81 10 15 0
65 30 98 1
5 13 57 1
90 9 52 1
87 15 85 1
58 72 44 1
92 14 72 1
10 30 82 1
96 8 36 0
5 45 82 1
54 45 59 1
96 22 1 0
36 85 32 0
8 28 90 0
41 13 1 0
42 34 70 0
42 57 13 1
2 94 67 0
38 77 68 1
98 20 20 0
56 51 29 0
78 70 62 0
82 14 21 0
47 42 15 1
98 28 38 0
73 4 57 0
81 77 48 1
96 67 67 1
69 95 66 0
17 79 17 1
44 89 77 0
30 91 30 0
18 67 30 0
23 38 5 0
66 52 84 1
70 50 17 1
97 34 84 0
13 52 14 1
40 90 98 0
81 80 48 1
98 29 92 1
66 48 74 1
99 10 97 1
59 13 6 0
46 41 71 1
45 37 66 1
26 15 5 1
94 4 60 1
32 3 15 0
51 89 32 0
98 28 21 1
92 78 67 1
18 89 99 1
25 64 50 0
31 6 12 1
9 71 19 1
26 34 92 1
74 76 28 0
3 48 30 0
25 48 36 0
37 34 8 0
50 9 15 1
14 27 55 1
49 26 65 1
11 57 1 1
32 29 6 1
28 87 84 0
87 19 47 0
53 6 35 1
15 50 33 1
28 87 2 1
64 18 54 1
26 54 9 0
34 14 47 1
53 30 66 0
49 64 61 0
69 47 54 0
48 86 15 0
24 68 55 1
85 8 13 0
13 22 19 0
87 65 60 0
47 25 29 0
88 41 47 1
