50 50
777214159 303720820 359315149 309179068 309015381 -376570062 -605764531 268003636 853125053 629378829 424340353 -249307640 495949690 -230922538 357727517 443075968 545766663 424197933 -207639885 263978291 303750472 -791876173 73897803 264259671 -670055865 -15347791 209288732 -158981895 150599090 -956819484 213934158 -495784638 -146692238 -369815341 358392280 -723503744 979374694 -424174108 280292432 980295352 434588633 -897260868 -965331284 54148496 151179903 476773335 263379784 977331237 597573252 -469436854
19 49 639
16 19 747
13 1 879
19 1 513
19 22 232
3 41 728
29 44 708
15 7 492
41 47 868
43 31 74
28 1 672
18 16 892
15 31 544
45 49 846
7 17 17
38 21 657
15 49 201
24 13 159
17 4 707
37 48 187
10 26 937
34 43 653
25 9 183
19 4 233
14 12 301
33 50 671
41 16 69
43 42 184
1 8 637
9 44 384
45 6 311
34 39 704
38 13 364
22 33 467
6 49 229
6 31 880
28 21 795
46 16 738
31 16 496
19 27 991
5 21 946
15 6 384
20 43 549
34 16 631
2 21 181
30 26 511
11 3 334
42 50 192
33 4 265
28 20 72
300
14 40 15 1
25 32 44 1
3 27 8 1
37 18 35 1
25 35 22 1
17 40 13 1
33 45 23 0
25 43 19 1
34 35 3 1
18 48 35 1
24 42 2 0
12 36 36 1
22 8 9 1
47 22 10 0
18 32 28 1
26 48 35 0
34 37 18 0
37 3 23 1
46 24 24 0
11 10 45 1
19 3 23 0
26 32 45 1
14 24 41 0
23 26 2 1
14 19 7 1
23 31 14 0
4 37 27 1
48 21 47 1
26 19 32 0
1 29 48 1
4 39 6 0
16 7 32 0
28 40 31 1
20 44 20 0
32 47 40 1
19 38 47 1
9 31 47 0
11 44 26 1
32 33 40 0
40 24 28 0
15 10 20 0
5 40 11 1
38 3 19 1
42 18 2 1
50 48 10 1
41 37 25 0
20 17 23 0
40 2 29 1
11 48 42 0
39 5 5 1
9 23 36 1
40 37 2 0
36 13 50 1
50 25 4 0
41 29 31 1
30 11 37 0
8 29 9 0
35 13 26 0
36 11 42 0
49 43 18 1
6 17 14 0
41 17 27 0
45 9 14 0
19 3 19 1
31 29 26 0
42 2 9 0
14 50 7 0
45 24 48 1
41 11 10 0
30 38 14 1
46 29 50 1
31 20 45 0
49 21 29 1
24 37 20 0
39 26 3 0
2 3 38 1
15 47 24 1
36 37 18 0
18 19 48 1
39 44 13 0
14 41 30 0
30 1 30 1
26 32 6 0
34 43 20 0
41 44 44 1
32 13 8 0
32 7 49 1
50 11 10 1
1 39 6 1
39 35 3 1
17 8 45 1
50 14 2 1
9 46 19 0
8 26 39 0
34 37 12 1
47 23 1 1
13 6 33 0
41 36 21 0
43 15 12 0
30 16 38 0
11 7 31 1
34 21 13 1
8 24 3 1
49 3 7 0
10 40 16 1
27 36 12 0
50 24 15 0
41 3 21 0
9 1 22 1
24 34 11 0
10 13 38 1
17 45 22 0
36 37 30 1
22 42 32 0
17 47 6 0
1 26 9 0
29 32 4 1
18 15 34 0
29 21 38 1
17 9 26 1
46 5 15 0
48 47 42 1
45 47 22 0
24 30 5 1
12 10 5 0
24 40 9 0
13 46 50 0
6 27 33 0
31 47 22 0
43 13 44 0
11 16 33 1
47 39 38 1
49 44 40 1
36 48 28 1
45 29 26 0
5 8 3 1
7 24 16 0
38 11 38 1
26 22 36 0
13 25 34 0
18 24 36 0
23 14 50 1
42 28 20 0
37 22 36 0
48 1 44 0
13 31 35 0
4 20 13 1
44 48 28 0
21 14 18 1
29 19 13 1
48 32 20 0
5 27 2 0
20 39 20 1
25 10 8 1
24 23 41 0
3 44 18 1
39 48 41 0
19 38 34 0
24 38 45 0
40 4 20 1
25 24 2 1
31 47 9 0
37 31 7 0
24 26 15 1
23 5 16 1
44 49 34 1
37 28 20 1
33 41 7 0
14 10 44 1
6 2 1 1
35 7 36 1
35 50 24 0
6 39 50 1
40 33 21 1
13 42 7 0
32 13 6 1
22 49 43 0
3 43 24 0
50 9 48 1
11 21 42 1
12 44 17 0
28 39 32 1
30 38 39 1
50 44 11 0
44 3 3 1
46 26 34 0
36 32 32 1
4 25 12 0
18 30 21 1
19 2 37 1
39 27 11 1
20 21 12 1
24 14 11 0
41 45 17 0
28 48 22 0
22 35 50 1
15 20 39 0
22 25 34 1
2 47 2 0
19 15 38 1
31 49 14 0
45 32 47 1
31 21 6 0
7 46 21 0
34 7 50 1
43 13 13 0
14 36 9 0
23 3 11 0
16 31 19 1
30 42 28 1
50 32 8 1
29 31 34 1
37 35 24 0
48 36 21 0
23 30 45 1
32 5 20 0
38 41 48 0
34 28 20 0
11 27 41 1
9 24 3 1
9 26 28 1
14 49 22 1
30 17 33 0
21 5 11 1
45 9 28 1
36 49 13 1
28 3 37 1
28 42 33 1
19 13 45 1
13 19 18 1
35 2 2 0
6 12 17 1
22 46 30 0
45 44 7 1
46 45 9 0
36 44 13 0
6 9 36 1
27 5 11 0
7 12 20 1
25 38 14 0
33 45 7 0
38 13 2 0
8 13 11 0
6 23 49 0
34 37 32 1
41 42 25 0
5 44 13 0
31 28 29 0
22 36 46 0
48 47 47 0
11 7 50 1
30 48 32 0
36 15 24 0
6 48 27 1
43 41 43 0
18 21 42 0
8 37 1 1
35 47 12 1
4 13 15 0
13 47 49 1
11 24 26 0
22 3 32 1
43 26 41 0
47 34 3 1
20 4 11 1
2 25 1 0
39 18 41 0
14 39 49 1
13 26 44 1
28 3 23 0
45 35 1 1
39 7 47 1
19 3 46 0
5 2 32 1
45 34 37 0
34 13 47 1
8 34 37 0
37 11 38 0
47 40 9 1
46 7 29 0
11 26 9 1
30 42 39 1
28 26 8 0
40 5 20 0
40 9 34 1
19 23 9 1
12 19 3 1
27 33 24 1
11 34 5 1
28 43 13 0
20 15 9 1
35 6 16 0
39 43 15 0
3 32 24 0
36 33 48 0
8 37 31 1
41 20 21 0
34 25 5 0
39 15 33 0
20 50 21 1
