200 1000
20 0 2 8 -5 9 10 2 30 -5 -5 0 2 30 -5 200 8 20 9 20 10 -20 200 10 30 20 30 200 30 9 30 30 30 -20 -20 2 -5 8 10 10 9 20 0 9 -20 2 9 200 8 20 20 200 9 10 -20 -5 200 -20 -20 200 10 -5 10 20 30 -5 30 10 20 8 20 -5 200 10 9 8 30 2 0 9 8 0 200 10 8 10 -5 20 2 30 0 30 200 10 200 10 -5 20 0 9 -5 2 0 -5 -20 0 20 10 20 10 2 200 200 0 0 30 9 -5 20 8 2 -20 0 -20 9 -20 8 -20 9 9 200 20 20 2 30 -5 30 200 -5 0 9 10 -20 20 30 10 -5 -20 0 2 2 2 2 9 8 30 -20 9 9 -5 20 10 -5 2 -5 -20 -20 2 20 9 200 -5 200 2 20 20 200 0 10 8 8 30 30 9 -20 8 2 2 8 0 8 20 10 8 10 30 2 10 -5 -20
51 58 879
129 61 228
12 34 666
166 131 894
126 44 571
59 192 197
31 39 303
150 195 392
173 147 53
77 139 977
161 189 234
191 69 894
19 81 479
84 46 410
178 171 405
148 181 996
144 11 587
198 160 581
141 132 527
194 160 417
170 73 406
156 63 274
49 81 506
80 117 151
89 46 473
45 193 253
193 88 64
179 37 375
159 178 907
37 171 618
53 92 290
10 47 505
36 48 137
141 127 853
44 167 898
116 11 842
121 3 881
136 133 318
110 43 895
168 79 17
186 84 308
27 93 355
131 128 754
20 69 632
72 112 398
122 179 160
163 51 915
196 186 247
65 48 90
159 15 320
127 152 3
34 179 248
140 61 327
93 80 747
76 104 10
73 25 589
185 139 439
99 86 977
97 150 224
138 108 790
58 34 942
12 20 672
11 111 484
138 156 164
84 31 619
94 104 43
34 40 333
24 90 19
152 186 768
127 124 828
117 181 213
10 144 232
81 155 295
116 92 450
79 127 680
49 172 735
43 157 774
176 181 63
146 84 849
113 11 924
92 127 256
105 136 199
88 168 353
182 83 396
31 114 75
63 114 46
197 157 603
171 132 535
33 77 818
33 141 28
156 33 306
11 89 593
162 128 912
66 62 747
62 92 612
88 154 125
133 103 681
87 73 612
173 57 640
191 42 533
170 197 765
28 160 605
20 73 932
84 138 393
30 151 437
41 38 742
165 123 44
46 9 468
9 182 725
1 124 366
133 45 314
49 72 825
97 136 975
35 81 956
185 117 196
175 10 560
97 54 957
57 121 318
190 197 318
113 114 850
158 28 498
29 52 102
72 149 989
198 135 269
153 119 337
100 93 147
12 141 352
168 198 24
85 187 421
154 100 534
3 9 313
52 189 917
105 13 617
94 162 151
114 115 821
51 166 514
149 177 854
52 97 403
75 181 190
47 87 641
133 89 849
197 93 989
113 149 801
129 194 315
79 108 429
100 110 746
165 58 123
170 61 219
173 135 351
162 134 837
154 18 878
154 14 322
142 127 270
95 55 64
9 86 323
189 185 32
86 101 41
8 70 53
178 194 387
129 107 872
117 60 689
194 13 503
67 107 581
137 153 835
152 113 472
26 53 608
9 138 108
1 98 530
53 75 923
191 3 182
63 120 241
151 65 6
5 132 464
185 20 768
20 123 232
43 148 284
51 156 373
158 108 270
39 160 897
162 150 251
143 12 522
135 115 587
92 119 470
155 104 89
74 75 563
105 117 510
140 167 17
113 77 124
134 115 235
30 28 384
33 122 148
154 9 862
140 100 380
161 7 283
1 80 109
163 137 626
72 76 792
40 140 420
115 74 335
149 55 514
85 87 436
32 193 44
93 84 695
24 45 501
59 45 933
167 8 869
192 31 296
136 71 236
155 185 661
41 86 467
155 170 906
190 153 498
185 197 181
79 20 425
132 30 670
64 197 829
84 140 59
179 27 729
166 182 666
26 22 103
45 128 424
150 117 776
47 101 724
179 132 943
125 177 526
73 5 161
12 63 91
191 144 257
124 161 434
145 15 78
25 38 627
141 165 25
194 88 956
77 182 311
139 106 687
16 178 891
176 142 505
66 84 848
122 7 560
108 103 374
185 127 611
164 20 327
188 13 414
143 89 148
5 179 653
91 194 183
181 121 276
86 186 959
85 60 517
45 167 419
18 151 946
181 114 565
59 54 329
73 148 569
20 153 747
24 43 92
158 176 412
185 61 797
95 97 208
11 141 374
30 111 77
127 43 942
91 101 347
171 125 895
139 96 599
37 72 441
128 29 368
139 14 828
87 108 77
95 71 617
20 100 879
48 26 121
190 68 22
88 190 698
182 80 594
180 116 65
173 195 293
140 133 258
120 171 918
196 65 788
164 37 639
43 84 64
115 25 683
88 113 472
186 46 351
179 178 418
43 150 412
87 41 96
97 112 266
14 107 483
153 23 471
191 17 306
6 131 931
88 19 395
111 4 240
61 134 417
30 128 718
41 14 159
88 62 622
105 27 129
139 179 703
9 121 519
115 126 49
197 13 667
191 123 422
30 135 555
199 116 482
116 108 848
26 195 261
48 52 288
128 190 66
187 100 817
64 148 613
77 167 155
151 140 584
38 95 134
153 128 402
13 127 827
7 188 226
58 75 753
200 92 334
150 30 433
166 94 933
130 122 99
84 24 390
19 13 236
105 118 564
106 130 442
132 88 229
110 146 655
14 97 147
148 46 928
132 163 973
64 44 446
114 79 822
56 49 234
91 153 303
6 58 784
48 142 72
76 51 169
83 64 465
181 163 262
108 47 376
33 62 419
78 128 249
99 183 97
85 73 450
187 79 707
123 126 400
194 153 50
162 35 466
178 167 980
39 75 378
166 59 240
184 136 367
184 187 501
80 23 173
129 161 3
188 83 80
187 76 985
171 6 366
138 185 556
164 163 121
22 154 456
109 72 39
47 172 719
69 96 199
30 99 386
64 130 973
140 114 961
80 85 766
198 22 902
153 185 416
26 158 169
81 66 992
72 113 963
190 133 459
188 162 309
126 178 238
98 69 152
10 148 436
127 145 809
180 50 545
196 75 502
116 155 567
108 26 831
22 167 764
80 107 277
140 32 454
178 81 322
81 90 22
68 168 566
76 147 215
20 94 89
73 10 996
39 69 973
22 90 740
137 122 846
13 61 29
19 190 909
92 70 150
113 89 517
31 164 615
45 135 861
86 7 422
33 198 290
5 19 131
144 155 404
141 119 65
121 89 406
29 181 228
178 93 316
46 123 832
13 120 318
125 94 837
74 135 193
44 65 937
150 69 229
68 85 550
157 42 130
89 69 860
181 137 457
56 120 669
175 37 93
131 113 938
119 186 72
111 181 689
199 130 709
180 150 145
129 58 986
10 146 407
69 78 143
126 133 414
146 59 650
191 189 515
128 107 300
152 18 633
192 168 362
100 147 63
196 27 320
181 37 217
139 105 895
81 182 579
46 80 38
96 70 778
10 149 285
61 52 454
93 43 221
7 94 520
69 41 546
141 22 782
109 160 439
3 193 620
134 38 51
171 85 472
21 184 907
24 189 951
19 162 709
64 81 530
105 26 670
126 160 378
37 198 333
181 169 218
171 172 788
55 43 487
101 15 823
159 39 611
61 57 324
170 120 204
51 24 982
120 101 893
49 138 890
133 118 210
150 88 581
89 95 776
128 147 790
150 57 28
112 69 636
36 190 156
191 40 131
172 111 632
64 160 121
105 44 190
67 194 30
199 34 76
174 161 822
164 110 878
143 174 898
179 9 888
86 151 727
16 123 438
199 138 397
119 195 992
185 42 11
171 117 185
131 138 500
193 167 842
166 64 820
126 151 657
76 30 273
150 67 223
40 15 294
186 6 554
198 143 195
8 113 263
144 195 800
43 187 918
37 152 933
8 29 836
65 105 465
89 6 883
111 45 697
4 30 502
157 27 396
103 187 60
165 130 655
116 125 641
185 161 745
70 168 573
57 184 229
121 72 235
155 183 479
51 138 109
104 47 87
100 149 73
111 66 603
165 133 527
6 70 39
150 139 958
74 195 942
103 67 965
137 21 899
15 23 37
75 126 283
162 177 183
34 88 1000
188 52 885
66 9 754
104 110 892
62 184 838
155 86 56
119 174 76
18 188 298
6 15 575
40 176 304
191 174 549
194 58 414
155 163 670
64 54 883
47 43 37
84 98 507
57 125 876
197 174 281
163 148 672
138 3 246
50 193 171
28 116 293
142 185 908
195 67 755
189 103 590
86 161 999
10 37 747
183 69 709
82 141 198
85 186 247
29 156 197
119 135 912
11 76 648
119 22 914
25 10 568
166 47 728
116 8 764
14 142 785
122 175 125
71 59 710
118 40 817
66 158 551
177 121 178
24 191 799
89 167 760
56 84 758
135 200 565
51 13 658
35 87 32
159 157 691
20 26 882
36 91 39
138 19 511
115 194 501
65 82 819
176 89 703
133 176 854
97 26 18
154 12 904
61 27 941
38 60 728
129 51 65
147 161 931
141 14 595
174 32 722
15 86 254
190 139 702
167 109 455
178 12 943
99 24 770
191 62 181
70 190 631
134 88 592
16 180 757
162 154 740
83 168 778
136 157 668
37 75 576
43 52 388
185 102 963
106 44 624
87 113 165
69 198 653
12 13 184
168 126 337
60 160 256
37 95 564
104 83 238
80 77 41
67 13 294
29 71 937
5 109 49
198 125 789
162 109 308
87 197 567
46 53 603
92 168 307
126 6 938
2 198 956
167 92 584
37 28 540
145 29 661
73 26 785
61 188 93
121 26 90
87 24 694
42 115 861
100 193 618
37 146 416
192 112 859
127 148 238
19 44 18
79 117 844
15 129 583
60 49 160
149 88 983
194 81 250
6 180 242
24 168 539
191 111 851
1 189 950
38 7 746
56 37 262
51 52 342
185 111 943
30 79 204
110 80 561
41 73 536
8 11 926
70 13 878
58 163 716
65 108 923
101 121 973
104 14 309
14 156 804
176 185 282
131 46 713
92 86 385
27 45 596
105 114 360
182 124 722
97 140 181
19 40 253
143 96 667
51 109 22
55 37 359
88 167 404
1 58 642
137 85 838
84 189 352
44 170 827
165 19 566
98 189 357
150 84 852
168 134 713
190 140 349
100 180 315
103 132 173
96 68 809
134 152 149
37 195 718
63 111 288
28 8 77
136 110 760
188 29 645
52 170 537
200 69 716
66 172 599
66 198 752
169 146 988
115 16 50
26 103 29
185 179 365
46 90 904
75 135 507
44 23 106
113 90 723
36 88 513
6 105 462
158 74 560
145 140 727
147 165 829
175 102 360
91 99 1
146 173 935
52 169 109
109 33 998
32 20 485
96 25 190
109 182 415
68 79 154
146 25 871
127 151 324
86 194 822
38 139 947
125 143 515
33 51 347
31 34 318
115 129 942
56 38 676
22 57 154
128 3 130
198 81 280
73 166 673
94 155 564
40 79 106
106 112 756
52 142 590
121 56 470
15 64 859
90 85 668
195 12 622
102 3 433
19 28 879
173 191 918
52 96 824
163 3 427
104 144 700
111 166 914
126 24 155
11 43 549
174 64 72
87 165 226
71 135 405
149 108 147
19 111 994
194 73 597
172 128 492
71 190 857
184 116 81
138 78 675
38 51 539
61 137 655
190 43 508
49 190 326
159 183 671
183 131 443
110 23 913
99 31 649
166 63 538
43 138 976
46 76 836
134 82 274
93 23 469
1 71 810
78 181 144
149 163 75
49 55 75
79 103 240
142 41 435
79 16 680
106 3 213
139 29 706
162 49 58
184 58 87
117 1 787
31 27 929
55 75 984
129 106 38
120 199 278
154 29 845
185 86 600
198 24 628
55 137 476
64 121 485
150 189 285
137 19 512
65 73 938
200 153 195
193 115 930
21 112 515
106 111 312
82 90 518
18 117 781
90 1 482
78 37 970
97 100 35
169 38 786
74 32 223
98 177 290
27 197 201
93 55 63
156 136 552
73 153 220
5 43 20
87 120 456
56 168 756
42 89 345
28 162 128
50 11 904
139 189 453
91 82 459
153 37 794
56 62 898
75 66 892
46 104 612
54 112 979
161 153 19
57 132 580
184 134 742
40 24 83
44 115 116
102 19 504
47 27 765
144 101 383
36 99 838
199 152 749
129 112 854
148 168 585
118 173 694
142 55 737
8 170 590
178 73 588
4 190 132
105 172 919
155 161 669
106 110 749
169 163 496
88 99 527
190 169 299
36 62 153
124 69 474
114 46 946
53 50 887
184 106 858
54 60 371
122 117 280
71 85 394
118 124 92
12 94 700
73 198 424
141 23 89
139 121 341
140 7 77
45 17 82
56 187 756
178 8 211
95 131 654
43 195 666
88 47 538
86 70 31
60 110 769
180 2 308
187 78 304
155 112 111
141 67 834
158 44 841
168 90 323
21 132 869
38 20 115
176 57 136
6 116 245
174 96 399
33 34 628
88 188 939
198 80 5
31 37 248
71 156 938
145 128 221
13 166 840
128 141 96
15 98 764
12 71 211
10 55 44
37 142 783
176 139 262
180 169 650
180 191 805
69 135 84
89 99 449
141 176 993
38 91 604
60 101 965
114 96 601
55 78 176
145 91 108
113 140 287
55 96 755
141 180 795
40 180 675
17 121 3
161 110 93
116 170 394
80 35 441
119 8 786
9 115 851
101 153 705
196 59 246
127 54 237
53 179 682
166 88 775
81 9 520
161 44 960
41 133 230
48 70 591
115 120 691
19 25 38
78 22 365
131 58 823
10 62 201
44 27 40
18 108 649
89 68 292
200 60 576
30 59 645
172 173 565
14 192 541
51 21 762
167 103 571
189 112 232
141 155 59
181 124 966
181 164 185
72 164 844
199 145 302
43 116 27
159 129 770
51 131 390
164 98 892
155 118 179
62 176 111
185 93 691
149 29 914
64 72 712
8 125 506
75 151 865
3 72 467
85 61 831
182 152 116
20 107 633
150 168 208
60 104 452
102 4 880
15 67 503
78 26 428
183 100 730
199 54 802
66 139 262
48 120 966
163 91 272
196 40 839
155 51 342
159 152 698
38 118 964
141 195 390
120 130 889
1 128 143
154 145 633
152 133 107
43 4 54
34 194 208
37 87 518
140 184 356
58 100 48
4 89 519
133 129 71
13 23 425
157 55 392
149 7 324
55 1 879
108 186 624
67 22 62
137 114 198
92 123 297
91 126 137
1000
161 11 6 0
40 7 9 1
79 52 10 1
103 144 3 0
163 140 1 0
142 198 2 1
73 144 2 1
60 176 15 1
130 69 10 0
77 9 3 0
11 132 9 1
66 50 2 0
184 26 6 1
101 32 10 1
63 67 5 0
146 163 4 1
67 4 1 1
23 13 6 1
145 67 2 0
153 125 9 0
44 56 5 1
147 30 8 1
188 194 1 1
43 25 2 1
168 4 13 0
164 62 1 0
60 29 6 0
156 133 12 1
70 199 3 1
194 42 13 0
85 67 5 1
130 174 6 0
44 92 1 0
4 13 13 1
20 167 10 0
175 170 3 0
108 37 8 0
111 93 3 0
82 191 3 1
92 177 8 1
35 24 11 1
159 87 8 0
190 178 5 1
26 35 9 1
156 30 11 0
172 15 1 0
108 18 10 1
194 10 5 1
7 104 4 1
100 11 9 0
99 39 3 1
94 194 6 1
98 84 1 0
122 36 15 1
176 96 6 0
137 35 13 1
49 1 8 0
22 82 4 0
96 46 10 1
27 114 8 0
25 50 12 0
178 119 8 0
137 116 2 0
100 18 4 1
145 114 1 1
2 14 10 1
173 102 2 0
73 199 14 1
173 180 8 1
187 197 15 0
110 19 9 1
186 25 14 1
59 128 3 0
37 20 3 0
116 10 15 0
121 186 15 1
22 126 2 0
36 87 12 1
131 17 13 1
69 121 12 1
198 82 4 0
178 16 5 0
30 6 6 0
11 198 8 1
186 18 11 1
136 174 6 1
132 21 11 1
5 180 14 1
163 155 3 1
179 35 5 1
119 12 3 0
144 178 7 0
133 200 10 1
136 109 6 0
97 181 10 0
154 100 14 0
112 139 4 0
55 49 13 0
110 181 10 0
70 17 13 0
132 52 5 0
19 26 14 1
46 72 9 0
68 190 4 0
93 39 6 1
6 31 3 0
171 34 15 0
56 155 8 0
127 125 14 1
162 81 6 1
86 30 14 0
119 11 12 0
109 177 15 0
3 152 4 0
181 163 8 1
63 79 7 1
18 149 12 1
188 87 7 1
29 20 12 1
183 81 11 1
146 134 1 0
54 116 7 0
145 79 2 0
80 129 6 1
26 25 11 0
79 30 11 1
146 44 14 1
70 77 11 1
141 47 7 0
14 99 1 1
13 172 6 0
20 6 10 1
181 148 15 0
194 69 12 0
136 97 3 1
5 68 9 0
59 38 12 0
2 148 6 1
73 134 6 0
67 117 15 0
171 152 2 1
188 192 13 0
85 12 6 1
66 174 10 0
36 60 2 1
192 150 4 1
122 114 12 1
122 134 14 0
59 31 2 0
141 129 2 1
102 63 6 1
108 104 6 0
109 79 1 0
164 99 13 0
149 17 8 1
77 138 2 1
28 154 14 1
124 61 4 1
16 79 15 1
121 195 1 1
199 179 15 1
152 101 4 1
133 91 12 1
171 137 10 0
74 107 12 1
193 42 9 0
84 49 5 0
83 106 11 0
77 183 8 0
6 55 14 1
192 39 4 1
38 121 3 1
177 53 7 0
45 166 14 1
33 197 11 1
147 1 11 1
130 22 15 1
115 67 5 1
194 196 5 0
47 9 1 1
12 95 12 1
55 108 1 1
160 120 6 0
13 30 10 0
107 180 6 0
27 144 1 1
82 34 11 0
94 62 13 1
143 48 11 0
23 171 2 0
97 48 13 0
33 119 10 0
94 19 6 1
120 40 8 0
139 68 6 0
40 84 6 0
152 32 8 1
120 146 1 0
54 74 4 0
84 190 3 0
76 75 1 1
186 171 13 0
45 104 9 0
194 155 3 0
66 158 15 0
87 113 14 1
166 51 10 1
198 97 6 0
7 88 6 0
154 26 1 1
88 47 5 1
196 161 15 1
163 11 6 1
124 58 2 0
186 190 11 1
110 114 12 1
129 74 3 0
119 163 10 0
149 173 4 0
42 57 6 1
143 148 10 1
3 39 7 1
67 130 15 0
151 29 14 1
169 64 10 0
99 83 1 1
45 83 6 1
101 29 13 1
27 91 5 0
159 132 4 0
122 89 6 1
59 134 9 1
10 108 2 1
119 54 5 0
95 99 15 1
121 115 6 0
10 175 9 1
5 177 4 1
168 178 5 0
185 145 13 1
63 192 11 1
193 152 11 1
96 165 10 0
139 126 13 1
155 152 1 1
154 190 3 0
138 200 11 1
129 196 2 0
89 37 6 0
53 157 13 0
130 75 7 1
22 105 4 1
108 33 5 0
175 18 7 1
132 147 10 0
106 155 7 1
61 71 10 1
76 127 12 1
24 4 7 0
88 143 10 0
22 1 4 0
112 27 7 1
130 44 6 0
115 153 5 0
96 169 4 0
49 188 3 0
31 84 8 1
112 89 5 1
101 49 12 1
16 157 5 0
78 137 4 0
157 82 12 1
81 18 5 0
134 153 1 1
59 168 6 1
198 141 2 1
18 105 6 1
154 147 3 1
66 10 6 0
49 129 6 1
26 95 14 1
125 198 7 0
94 11 2 0
18 165 10 1
185 5 12 1
1 87 15 0
76 132 1 0
188 115 15 1
154 146 2 0
119 51 8 1
15 2 15 1
145 118 7 1
200 4 3 1
88 156 7 0
167 171 1 1
60 154 6 0
44 195 15 0
67 86 13 1
4 192 9 1
10 46 1 1
25 139 9 0
188 128 10 0
37 66 6 0
145 64 9 0
159 32 9 0
55 66 11 1
186 14 6 1
50 53 3 0
70 80 4 0
166 195 4 0
45 184 5 0
9 144 10 0
149 107 9 1
172 13 6 1
148 12 3 0
191 55 1 1
44 107 5 1
68 70 14 0
110 38 9 0
68 17 12 1
172 191 8 1
33 1 2 0
166 85 6 1
116 200 11 0
158 67 4 1
78 122 2 0
88 166 5 0
187 43 5 1
85 190 5 0
17 72 3 1
10 140 10 1
8 164 13 1
79 175 15 1
145 123 5 0
13 156 9 0
11 100 2 0
61 142 12 1
15 116 6 0
101 111 10 1
64 71 14 1
21 6 9 1
58 71 1 1
175 54 2 1
123 163 1 1
31 118 14 1
105 22 2 0
104 47 11 0
14 10 11 1
178 81 8 0
168 147 4 1
186 26 14 1
124 148 5 1
172 140 6 1
126 61 2 0
151 80 12 1
27 125 4 1
13 155 5 1
129 168 6 1
23 10 9 0
35 120 4 0
84 86 12 1
155 108 6 1
86 120 6 1
83 111 10 0
39 154 4 0
62 168 7 0
39 62 7 0
30 149 10 1
30 80 8 1
139 46 9 0
121 12 13 0
28 139 4 1
15 84 7 0
74 31 15 1
81 104 1 0
71 146 15 0
144 67 13 1
26 100 5 0
103 104 2 0
57 155 3 0
17 65 10 1
55 47 10 0
88 165 15 0
154 147 15 1
185 42 6 0
148 124 9 0
10 155 11 0
45 52 4 0
170 101 9 1
25 134 14 0
4 48 5 1
189 194 3 1
147 179 12 1
168 116 5 0
99 67 12 0
3 111 1 1
53 174 7 1
89 155 14 1
48 26 15 0
29 5 10 0
44 105 9 0
13 26 3 1
27 197 15 0
93 40 3 1
145 57 8 1
95 27 8 0
198 101 2 0
128 81 1 0
2 7 15 1
183 167 9 1
18 148 10 0
126 159 13 0
156 172 10 1
97 172 11 1
145 152 9 1
19 148 7 0
120 185 7 0
147 77 11 0
23 128 9 1
62 140 2 1
199 126 1 0
122 79 11 1
141 185 13 1
78 41 6 0
62 11 13 1
64 96 14 0
187 110 3 1
197 5 7 1
197 80 6 1
141 55 14 0
26 165 13 0
106 182 12 1
123 188 4 0
74 178 1 1
96 22 1 1
120 193 3 1
48 111 15 1
10 157 6 0
5 131 2 0
120 183 1 1
4 193 15 0
180 70 6 1
84 33 7 0
196 57 6 1
199 112 2 0
105 16 4 1
10 147 10 0
151 170 14 0
23 175 6 0
23 186 9 0
93 62 13 1
25 94 7 1
39 188 1 0
136 46 15 0
4 180 8 1
131 117 7 1
199 156 10 0
55 131 15 0
28 170 15 1
73 51 15 0
199 174 6 1
155 144 3 0
116 164 1 1
154 115 2 0
157 171 3 1
81 125 14 1
142 94 13 0
134 34 10 0
152 185 8 0
79 66 4 1
109 36 5 1
65 157 2 1
57 94 1 0
100 161 12 1
156 100 2 1
162 196 15 1
190 133 2 0
100 186 8 1
17 72 12 0
107 61 11 0
41 172 6 1
175 120 6 1
13 145 3 1
189 125 4 0
45 122 9 1
108 37 7 1
105 7 6 1
15 91 1 1
178 13 10 1
160 98 5 0
100 111 10 0
7 169 3 0
80 159 15 1
57 21 11 0
161 21 10 1
23 166 6 1
181 35 14 1
30 63 3 0
151 137 4 0
100 52 11 1
184 128 1 1
195 143 13 1
178 153 14 0
160 100 9 0
187 126 8 0
36 112 4 0
18 134 3 1
188 78 12 1
25 64 5 0
115 199 7 1
95 75 15 0
20 127 9 0
29 113 13 0
15 22 7 1
26 138 9 1
10 198 5 1
54 41 13 1
198 124 9 0
135 127 12 0
78 111 3 0
42 30 5 0
91 174 6 0
99 24 5 1
93 159 11 1
22 85 6 0
97 85 9 1
68 120 11 0
32 24 10 1
34 144 7 0
96 39 13 0
121 71 1 0
110 152 13 1
100 172 11 1
90 154 13 1
72 37 5 0
198 87 11 0
113 133 4 1
85 198 13 1
73 99 8 0
129 167 12 1
172 79 9 1
140 61 2 0
45 24 3 1
145 88 11 0
115 60 15 1
158 68 14 1
25 102 2 1
126 73 14 1
51 78 15 1
23 199 11 1
157 150 4 0
183 51 8 0
134 15 7 1
200 162 9 0
156 179 12 1
104 89 7 1
122 179 9 1
18 53 5 1
6 58 5 0
4 39 11 1
155 83 8 0
35 33 13 0
64 196 6 1
160 58 10 1
7 190 10 1
190 18 9 0
91 55 1 0
176 127 4 0
175 28 11 1
109 22 9 1
10 33 8 0
129 142 10 0
160 143 13 0
33 65 12 0
58 176 3 0
27 162 8 0
66 64 8 0
17 93 14 1
152 95 1 0
168 185 14 1
77 138 11 1
152 62 11 1
90 76 12 1
196 181 12 1
28 9 8 0
43 33 8 0
83 120 3 0
39 99 2 0
36 183 15 1
176 162 10 0
90 39 15 0
91 94 2 1
143 21 2 1
114 31 4 1
127 69 5 1
51 142 12 0
167 66 5 0
142 187 1 1
97 171 9 1
66 169 8 1
67 161 4 0
57 175 11 0
69 172 12 0
84 153 5 1
180 141 11 1
64 191 14 0
165 178 12 0
160 43 13 1
177 49 9 1
40 27 6 0
143 26 15 0
7 60 11 1
69 135 11 0
96 166 12 0
115 99 6 1
52 77 7 0
43 110 14 1
154 13 8 0
134 18 1 1
190 176 5 0
85 19 10 0
93 33 8 1
111 155 12 0
14 115 15 1
107 63 5 0
105 164 12 1
71 33 14 1
199 61 15 0
94 146 14 0
144 119 8 1
37 126 8 1
157 174 3 1
187 200 4 0
16 127 5 1
58 155 9 1
165 32 8 0
129 175 1 1
179 99 6 1
187 85 6 0
148 109 3 1
5 185 3 0
136 27 6 0
58 194 2 1
182 116 4 0
14 138 11 1
14 140 5 0
108 61 4 0
180 119 5 1
65 149 5 1
65 137 11 0
165 64 11 1
6 179 3 0
13 2 8 0
169 100 4 0
143 86 2 1
24 137 1 0
167 141 7 1
105 147 1 1
70 15 9 0
132 34 15 1
81 85 13 0
186 41 1 0
122 101 9 1
84 10 9 0
14 148 7 1
81 60 4 1
90 51 7 0
76 37 12 0
21 153 5 1
159 83 14 1
132 117 14 1
149 9 6 0
20 57 13 1
136 95 11 1
197 103 6 0
198 156 7 0
105 59 15 0
125 120 13 0
30 153 6 1
155 147 13 0
192 199 2 1
185 19 12 1
162 26 6 0
46 117 5 0
3 175 6 0
172 52 3 1
159 29 7 1
47 26 10 0
69 63 6 0
168 22 9 1
19 86 12 0
29 143 6 1
88 22 1 0
113 138 2 0
35 57 8 0
155 126 7 0
171 47 15 1
28 43 8 0
196 100 13 0
140 172 15 1
70 166 15 0
49 76 12 1
8 24 5 1
120 32 4 0
137 179 4 1
38 154 4 0
169 138 5 0
172 33 12 1
189 131 1 1
99 162 6 0
115 67 1 1
113 200 7 0
21 90 5 0
65 42 15 0
145 139 4 0
182 152 11 1
86 167 7 0
84 24 5 0
197 41 12 1
165 18 3 1
19 119 6 1
38 47 4 0
61 16 8 0
194 196 7 0
199 118 4 1
21 53 5 1
8 46 5 0
22 102 4 1
8 109 3 0
126 66 10 1
87 130 12 0
128 17 14 1
50 176 3 0
151 169 9 0
78 66 6 1
50 153 9 1
47 55 8 1
80 183 12 0
15 104 15 0
70 5 4 1
91 193 2 1
123 168 5 0
104 28 5 1
194 196 9 1
166 28 6 0
155 65 4 1
6 119 4 0
192 113 14 1
141 67 3 1
2 77 8 1
28 183 10 1
103 86 14 1
174 51 3 0
21 89 7 1
46 69 6 0
53 168 2 0
68 11 9 0
49 143 10 1
94 120 4 0
79 1 4 0
60 29 10 0
148 134 4 0
50 194 10 1
70 120 14 1
164 142 9 0
2 184 9 0
100 118 1 0
142 43 12 0
1 8 13 0
147 197 9 1
160 189 15 1
61 147 1 0
44 187 6 1
25 84 11 1
45 61 10 0
128 56 14 0
134 85 8 1
11 85 3 1
84 158 4 1
85 110 5 0
112 158 11 1
79 28 14 1
168 40 7 0
188 28 12 1
135 110 6 1
148 80 13 0
195 126 1 1
31 176 4 0
185 183 1 1
191 100 6 0
105 25 11 1
171 9 15 0
180 162 3 0
198 95 5 1
13 11 6 0
170 174 13 1
149 179 9 1
12 155 8 0
22 42 2 1
141 120 10 1
61 187 15 1
30 75 7 0
6 200 5 1
119 8 6 1
162 187 4 0
120 184 6 1
77 132 4 1
65 13 7 0
115 164 14 0
151 112 12 0
190 154 12 0
27 172 8 1
41 34 1 0
65 1 10 0
198 144 13 0
35 164 12 0
76 191 5 0
8 21 9 0
111 131 8 0
181 4 4 0
177 111 1 0
17 85 10 0
145 92 9 1
23 12 10 1
37 51 10 1
99 132 12 0
129 45 12 1
182 26 11 1
18 115 2 0
123 69 1 0
183 169 5 1
200 113 6 0
48 24 15 0
73 88 4 1
99 174 3 1
195 105 6 0
200 58 7 0
125 161 6 1
70 23 12 0
64 71 3 1
26 171 2 0
170 48 12 0
198 161 13 0
156 127 10 1
43 66 11 1
5 41 12 0
159 149 8 1
139 127 12 1
123 50 10 1
75 162 11 1
183 55 8 1
134 62 2 1
184 26 10 0
136 61 9 1
53 107 10 0
164 31 8 0
184 75 8 0
129 44 1 1
131 136 7 1
173 152 11 0
77 190 8 1
57 1 5 1
66 18 13 0
4 92 12 1
80 184 13 1
132 43 9 1
142 126 11 0
162 95 15 0
112 50 9 0
24 187 4 1
147 25 10 1
175 9 10 0
163 171 11 1
48 92 15 1
182 26 14 0
42 55 2 1
187 195 7 0
165 89 6 1
136 15 4 1
47 117 6 0
17 82 1 0
169 87 8 0
14 6 12 1
47 153 1 0
125 61 1 0
117 162 12 1
179 25 12 1
160 107 1 1
42 91 7 0
98 121 15 1
36 181 5 1
138 123 15 0
23 65 5 0
73 29 13 1
34 126 15 1
26 62 2 0
13 92 7 1
195 159 6 0
198 178 1 1
112 26 8 1
86 6 13 1
82 59 4 0
102 13 7 1
55 98 9 0
141 23 10 1
182 114 6 1
62 46 1 0
165 178 15 1
107 153 1 1
176 22 12 0
158 13 15 1
44 121 1 1
116 9 1 0
61 27 1 1
11 159 3 1
133 81 3 1
193 196 4 0
82 9 10 0
193 28 3 1
69 84 12 1
41 65 10 0
68 154 15 1
153 7 10 1
25 101 14 0
185 128 4 0
177 170 2 0
169 84 6 0
56 179 9 0
49 8 9 1
123 164 8 0
140 39 4 0
177 107 2 1
83 130 14 0
89 24 12 1
67 147 14 1
66 43 6 0
51 85 12 1
26 5 10 1
72 119 1 1
40 97 4 0
94 180 8 1
26 150 13 0
39 29 6 0
147 151 3 0
179 91 13 0
145 169 7 1
189 53 14 0
113 155 15 1
181 93 7 1
169 10 15 0
59 160 14 1
170 60 11 1
92 104 6 1
6 168 12 1
22 72 3 0
84 101 6 1
172 14 13 0
83 12 2 0
5 135 2 0
166 32 10 0
180 76 1 0
32 81 5 1
143 99 1 0
129 170 3 0
135 25 14 0
186 34 3 1
5 74 7 0
124 134 1 1
139 30 5 0
51 20 7 1
147 193 2 0
162 79 5 0
134 151 4 0
69 124 15 0
197 111 7 1
157 109 8 0
156 189 14 1
20 132 15 0
84 198 12 1
81 151 13 1
180 15 7 0
33 128 2 1
147 9 5 1
143 124 4 0
189 138 3 0
136 50 11 1
147 187 8 1
106 163 1 1
7 32 9 1
155 11 3 0
152 158 6 0
124 128 14 1
44 95 2 1
184 134 11 0
1 179 2 0
137 83 5 1
122 3 2 1
184 150 10 1
10 3 14 0
168 19 15 0
