200 500
9 0 200 10 -5 2 20 0 30 2 0 200 8 -5 10 200 9 -5 10 -5 20 -20 -5 0 20 200 -20 20 8 200 9 -5 -20 -5 20 200 2 9 10 9 -20 200 9 8 -5 200 20 0 10 -20 20 30 20 -5 20 2 30 0 200 0 2 8 9 30 8 -20 10 0 -20 -20 -5 8 20 10 0 0 0 2 -5 10 0 20 -5 8 20 -20 0 8 10 9 8 10 2 9 8 2 20 2 30 200 20 2 20 200 -5 10 -20 -20 200 0 -20 2 8 8 30 20 200 200 20 -20 0 2 -20 -5 -5 2 -5 20 10 10 30 8 20 9 200 -20 -5 30 -5 0 20 2 30 10 9 2 30 2 2 30 2 10 2 8 0 10 0 20 200 10 0 10 200 8 9 30 9 0 -5 20 0 9 20 0 200 -20 -5 -5 -5 2 -5 9 30 30 10 10 8 0 200 0 2 10 20 10 9 2 20 30 -20 30
72 80 420
90 49 819
83 93 842
56 157 285
140 114 733
195 4 810
51 129 495
164 94 176
196 145 925
79 118 653
141 189 684
113 78 532
131 113 576
124 168 885
9 107 198
93 54 554
102 56 34
148 172 728
123 167 72
199 197 341
4 90 730
87 2 559
171 84 223
146 160 791
30 120 449
180 164 854
133 17 110
118 164 233
45 38 399
68 188 148
9 191 37
90 78 838
48 200 73
71 145 584
13 127 303
13 106 666
67 190 482
128 107 597
160 104 834
110 171 174
57 131 564
93 20 393
82 20 192
155 42 889
138 54 15
193 18 472
10 84 461
92 163 719
40 122 622
26 32 945
199 40 675
162 133 895
107 14 514
50 120 107
138 10 760
104 2 977
175 11 613
187 54 775
106 46 49
79 71 832
23 69 271
98 182 755
144 88 769
9 90 440
115 27 649
74 131 402
2 105 365
166 92 18
93 149 663
141 27 485
124 50 953
194 99 687
149 42 726
69 50 615
60 164 594
61 189 324
62 142 980
26 108 23
196 152 523
10 92 750
47 167 351
151 160 649
37 60 242
115 80 291
129 140 606
74 200 594
197 13 287
129 191 946
103 186 697
26 147 940
175 193 506
77 144 18
125 132 229
118 46 261
8 127 200
165 200 751
158 149 315
196 29 905
142 131 242
190 156 341
130 82 333
187 158 228
156 34 712
185 151 157
45 110 235
196 74 187
98 183 335
12 179 363
117 72 293
110 61 1
50 142 882
135 129 640
162 84 625
73 20 376
182 16 237
168 163 111
154 60 293
88 24 423
2 92 94
47 1 707
47 51 848
128 185 728
119 98 12
144 123 983
71 56 199
107 23 561
17 177 173
62 16 996
36 18 287
130 16 639
188 62 41
35 141 177
163 60 275
126 155 749
108 25 404
58 131 178
19 100 554
191 113 922
138 148 291
24 29 306
14 16 967
55 3 859
31 165 918
57 42 472
5 149 248
8 159 131
138 177 230
91 119 542
12 56 841
54 31 870
159 44 37
77 98 839
136 81 355
5 137 596
77 142 897
76 101 455
6 38 183
35 81 253
128 44 308
121 98 690
190 56 333
178 85 983
169 20 463
123 24 399
71 52 892
119 128 993
173 133 230
107 120 862
159 199 106
18 119 603
107 60 10
191 38 294
173 6 665
187 80 41
186 150 244
29 68 523
21 192 8
3 50 279
64 8 877
169 177 348
123 83 207
133 74 196
178 198 153
195 185 785
187 122 334
30 150 754
105 171 497
112 125 99
190 188 458
18 109 235
165 183 117
124 67 142
119 45 940
24 191 324
8 177 397
93 158 346
198 62 516
95 173 192
145 114 180
2 84 640
36 48 822
105 123 89
198 42 85
137 17 475
12 24 3
8 116 560
154 114 22
21 160 746
13 104 12
144 105 695
135 93 494
108 149 617
148 146 610
32 35 626
58 46 449
60 6 116
20 159 29
193 131 740
138 95 643
101 38 900
195 124 744
41 32 292
57 179 389
18 163 623
43 20 21
43 32 626
158 3 136
139 195 418
78 84 313
73 185 702
124 131 226
67 171 57
110 179 987
50 148 749
25 190 169
45 32 600
22 142 954
157 80 548
126 109 831
38 181 167
140 104 250
117 122 572
125 183 103
111 185 450
60 9 240
180 53 623
131 26 364
84 134 195
183 59 504
165 97 636
132 188 492
181 104 165
104 28 300
6 138 284
56 149 92
47 80 96
69 162 921
185 45 54
131 27 264
186 144 160
22 75 147
113 7 450
29 62 829
128 68 919
11 123 467
102 169 347
149 189 508
21 125 905
26 56 83
90 41 226
49 14 852
148 126 210
149 155 872
178 34 939
96 45 213
114 98 933
12 47 721
72 67 998
176 93 253
10 182 45
188 182 659
39 129 584
1 30 690
24 7 924
114 54 920
126 167 417
10 179 863
130 50 882
127 177 526
131 138 59
176 125 640
34 116 121
169 116 950
11 91 308
86 4 761
5 81 479
21 90 809
36 171 258
186 194 380
124 52 907
200 43 740
61 182 864
71 72 171
156 75 283
160 107 762
132 196 570
119 167 180
187 16 317
132 147 792
135 54 992
130 145 506
44 5 840
108 75 663
30 182 938
65 93 596
178 25 392
99 95 910
30 34 325
147 117 823
138 52 876
81 181 373
187 176 377
178 35 404
40 17 185
129 81 78
125 10 854
116 108 500
25 138 533
101 36 50
123 125 853
151 6 385
75 144 560
51 121 595
6 160 363
191 41 443
20 165 4
25 32 911
124 56 400
9 108 435
58 182 160
62 84 565
46 158 860
157 161 180
103 166 891
65 156 931
59 127 895
62 103 526
125 27 733
124 35 192
111 44 374
22 57 209
138 102 367
197 10 927
176 113 292
18 129 1000
149 188 478
195 49 581
73 173 807
5 49 393
149 159 388
74 132 644
82 69 897
48 65 58
126 192 370
18 9 899
169 109 438
46 104 638
26 176 763
184 132 211
128 80 121
67 153 652
62 35 72
110 34 888
168 160 279
89 129 839
139 49 148
176 94 803
14 72 978
176 7 461
138 87 741
10 153 245
61 167 831
84 76 865
171 195 976
1 84 456
39 22 304
138 150 997
140 115 820
69 42 579
130 179 665
22 188 817
66 200 383
49 83 611
65 5 205
40 5 888
95 195 262
150 85 763
98 176 677
118 45 118
96 126 648
112 147 387
80 164 986
63 12 220
25 76 976
29 67 180
69 113 726
130 62 410
44 160 386
120 77 982
189 124 659
188 35 157
174 114 720
111 128 884
82 152 511
57 133 578
36 1 890
113 82 104
63 60 796
91 41 936
166 51 723
200 7 248
65 126 758
145 161 839
48 72 247
132 1 834
132 42 146
165 145 868
41 7 679
188 97 471
123 62 921
127 44 230
5 153 574
165 143 573
188 189 905
188 30 520
153 174 739
145 181 418
133 29 888
55 43 161
4 55 687
47 36 891
152 161 8
94 134 195
35 190 735
56 177 164
127 81 289
66 26 621
83 110 850
122 164 844
82 119 498
121 166 86
163 117 246
170 162 979
117 196 320
51 4 497
166 130 329
54 195 354
75 77 663
76 151 579
119 32 497
168 152 414
53 115 82
99 36 444
29 104 391
149 106 594
197 71 924
125 77 118
31 103 947
45 178 297
23 48 680
72 15 784
37 20 850
119 70 237
141 104 598
46 98 994
69 173 719
145 42 149
47 188 945
176 36 968
23 68 191
189 51 827
8 52 897
77 88 762
127 180 666
124 26 515
87 188 790
128 88 788
68 32 363
55 151 585
122 93 725
124 120 733
175 168 561
15 130 87
194 147 211
171 61 680
16 99 219
5 178 258
144 45 889
106 100 192
42 173 684
1000
167 97 1 0
123 11 14 1
31 150 1 1
43 17 11 0
189 118 9 1
174 85 8 0
185 86 9 1
128 13 11 1
147 146 3 0
30 200 1 1
39 30 2 0
39 33 14 1
59 75 14 1
172 43 6 1
98 168 11 0
154 196 15 1
40 10 1 0
31 111 9 0
100 140 1 0
41 59 15 0
6 67 8 0
75 118 15 0
15 46 7 1
167 62 12 0
181 118 6 0
136 96 14 0
93 141 1 1
116 117 10 0
112 109 5 1
86 176 8 1
48 93 11 1
163 168 12 0
12 69 13 0
148 10 6 1
149 82 7 0
56 2 11 1
11 8 11 1
10 83 15 0
157 168 6 1
190 99 13 0
174 117 12 0
192 34 12 0
171 111 11 1
19 125 15 0
64 94 10 0
106 113 9 0
198 142 4 1
177 78 12 0
57 107 11 0
41 36 4 1
159 12 13 1
9 181 10 1
174 182 2 0
120 183 13 0
173 134 14 0
77 56 4 1
51 107 10 1
145 65 7 0
119 160 5 0
49 184 2 0
124 116 2 0
49 129 11 0
142 37 6 0
69 158 7 1
110 100 2 1
125 140 3 0
111 101 13 1
129 56 12 1
13 9 5 0
74 120 15 0
25 45 2 1
67 156 15 0
61 27 14 1
41 140 12 1
83 84 14 0
187 89 1 1
106 141 7 1
107 123 10 0
164 97 10 1
51 140 12 1
52 126 8 0
134 4 14 0
52 45 6 0
134 129 8 0
166 128 13 0
17 33 8 1
82 114 15 0
141 165 11 1
109 173 4 0
200 5 12 0
40 93 6 0
74 69 2 0
134 73 1 0
31 26 4 1
76 177 3 0
17 175 12 0
19 83 9 1
19 188 12 0
135 162 8 0
12 113 7 0
122 108 3 1
156 159 1 1
109 177 13 1
20 72 6 1
160 5 15 0
60 126 14 0
132 5 11 0
50 196 2 0
11 117 12 1
171 66 9 0
92 110 10 1
132 165 13 1
162 166 9 1
102 178 9 0
106 122 1 1
72 156 6 0
122 60 1 1
192 49 11 0
79 157 14 1
6 136 6 1
153 168 3 0
87 79 12 0
167 193 4 1
69 125 1 0
193 179 13 0
66 199 3 0
97 137 6 1
84 102 9 0
21 110 6 1
178 146 8 1
192 81 3 0
93 38 7 1
83 40 4 0
102 98 3 0
80 48 8 0
146 126 2 0
20 161 1 0
118 88 5 0
144 175 14 1
77 107 5 0
126 16 13 1
59 125 6 0
5 100 15 1
185 167 7 1
70 2 5 0
20 168 9 1
47 181 13 1
83 191 15 0
177 79 9 1
121 14 13 1
152 77 13 1
127 2 6 1
191 190 15 1
198 144 3 1
86 9 14 1
176 80 1 0
122 172 9 0
34 72 12 1
117 62 7 0
124 104 2 1
83 24 1 0
134 106 11 1
52 57 13 1
108 103 7 1
86 84 4 1
158 12 12 0
132 154 13 1
156 161 9 1
19 172 10 0
105 127 9 0
69 15 1 0
69 13 15 1
16 197 5 1
73 97 1 1
184 136 13 0
78 144 2 0
29 40 2 0
141 177 13 1
143 174 2 0
165 157 8 1
76 189 10 1
163 94 12 0
43 175 1 0
103 173 15 0
5 153 14 1
18 110 5 0
65 8 5 1
178 139 10 0
133 143 6 0
46 44 7 0
78 13 1 1
145 150 8 0
182 105 4 0
159 13 2 1
104 112 7 1
181 113 11 0
100 5 13 0
91 152 8 1
166 91 9 1
24 164 13 0
2 99 2 0
105 187 12 1
198 3 1 1
54 173 14 0
105 57 12 1
147 127 1 1
167 37 15 1
184 77 1 1
96 10 8 1
191 67 11 0
146 112 4 0
74 17 9 1
63 65 10 0
84 65 5 0
92 160 13 0
177 15 11 0
99 138 14 1
149 89 10 0
76 152 6 0
88 199 2 0
22 43 12 0
51 36 3 1
151 43 15 1
173 33 9 1
133 71 1 1
57 175 3 1
103 126 4 0
34 79 10 0
199 65 8 0
123 87 1 0
158 153 7 0
139 190 6 0
45 128 9 1
156 198 12 1
8 77 5 1
29 99 13 0
8 23 13 1
15 51 12 1
192 26 8 0
63 119 9 0
1 8 4 1
65 109 12 0
152 102 5 1
151 189 13 1
43 39 13 0
40 61 14 0
68 130 3 1
52 157 15 1
42 37 7 0
164 139 4 1
177 22 5 0
128 114 9 0
91 18 9 1
85 162 9 1
67 195 8 0
196 133 1 1
10 27 7 0
103 65 6 0
161 176 1 1
45 72 9 0
93 80 11 0
58 74 5 1
45 140 4 1
2 183 3 1
106 80 11 0
129 85 11 1
66 68 6 0
178 198 6 0
141 155 12 0
94 44 7 0
85 43 8 0
61 9 8 1
169 120 5 1
147 180 7 1
136 9 13 0
183 198 5 0
8 85 12 1
163 15 9 0
107 155 14 1
48 8 1 1
177 143 15 1
134 107 14 0
179 139 12 1
106 22 5 0
174 136 7 0
117 161 6 1
79 179 2 0
6 48 7 1
68 181 5 0
56 67 11 1
67 135 14 1
132 47 2 1
175 117 15 1
131 42 7 1
103 159 8 1
14 73 9 1
34 92 9 1
119 100 11 1
70 52 7 0
83 179 15 1
173 14 8 0
147 162 3 0
89 118 5 1
51 30 11 0
74 140 14 0
94 113 9 1
189 196 1 1
68 115 3 0
43 163 10 1
153 122 9 0
9 114 1 1
72 12 1 0
128 179 4 1
29 183 5 0
58 127 5 1
44 77 6 0
64 106 7 1
21 19 5 0
173 4 6 0
84 135 4 0
158 153 9 1
47 172 8 1
71 133 5 1
198 73 4 0
10 156 8 1
70 31 1 1
70 129 14 0
156 118 6 0
97 83 2 0
151 21 5 0
107 161 13 1
125 127 14 1
16 46 9 1
186 1 5 0
172 62 13 0
30 193 8 1
61 46 10 0
163 49 4 0
30 19 9 1
137 144 7 0
77 45 2 0
158 153 4 1
174 27 9 0
191 151 14 0
153 165 6 1
85 7 8 0
168 154 6 1
97 43 12 1
195 88 13 1
12 165 12 1
67 134 5 0
54 51 5 1
117 64 1 1
152 104 13 0
81 119 2 0
42 113 14 1
166 1 2 0
176 45 8 0
176 46 8 0
157 191 4 0
120 184 2 0
173 166 1 0
194 146 15 0
17 100 5 0
121 160 14 0
174 32 9 0
103 49 7 1
106 11 1 0
140 152 7 1
25 159 11 0
4 78 8 1
5 3 9 1
72 48 8 0
7 151 6 1
136 187 9 1
135 48 12 0
133 65 14 1
188 143 14 1
84 147 14 1
22 125 13 1
145 5 4 1
38 138 12 0
32 111 6 0
61 53 1 0
183 96 5 1
114 43 13 0
62 200 11 0
145 160 2 0
194 3 5 0
98 20 3 1
153 175 8 0
140 93 10 1
151 43 3 0
53 12 13 0
111 41 9 1
157 8 9 1
3 86 12 0
123 21 1 1
105 64 5 0
57 159 1 1
28 43 1 0
45 25 11 1
160 171 6 1
60 8 7 0
26 73 9 0
66 77 1 0
142 90 7 0
156 183 1 0
90 75 10 0
124 144 12 1
144 124 9 0
114 96 15 1
182 143 9 0
52 139 14 1
165 74 2 1
193 112 9 0
116 8 8 1
126 116 4 0
139 80 6 0
91 37 10 1
7 22 2 1
106 79 2 0
180 129 13 0
187 191 5 0
66 59 11 1
182 166 10 0
155 142 7 1
53 9 14 0
153 105 14 1
82 192 6 1
48 97 7 1
117 100 15 0
112 6 2 0
107 159 12 0
92 69 2 1
158 75 2 1
129 164 7 1
125 118 11 0
16 77 10 0
83 153 7 1
178 43 11 1
164 76 11 1
16 61 9 1
189 93 10 0
99 137 2 0
22 106 7 0
157 196 13 0
87 113 7 0
180 12 7 1
14 27 14 0
34 194 11 1
20 94 7 1
132 63 4 1
19 172 4 1
17 138 2 1
14 87 8 0
102 71 4 0
193 110 3 1
51 151 7 1
41 128 10 1
79 134 7 0
150 175 3 1
75 5 3 0
129 147 14 1
19 119 13 1
152 40 6 0
192 189 1 1
144 67 1 0
88 111 4 0
19 3 12 0
25 40 10 0
168 43 4 0
35 65 14 1
195 67 11 1
169 111 8 1
76 112 5 0
160 111 1 1
115 20 8 1
149 179 4 1
92 189 6 0
22 59 13 1
57 61 14 0
99 106 15 1
58 90 12 1
70 51 10 1
114 23 4 0
147 55 12 0
27 75 1 0
45 91 8 1
131 111 7 1
140 129 12 1
10 18 5 0
194 43 12 1
47 143 13 0
4 142 4 0
195 11 11 1
68 40 14 1
105 43 3 0
115 83 13 1
43 121 3 1
181 134 8 1
58 104 14 1
94 181 1 1
90 147 12 1
99 68 5 1
117 74 13 0
32 143 13 1
102 200 1 0
110 171 4 0
59 194 4 0
90 117 15 1
108 124 2 1
175 154 8 1
31 116 10 0
160 46 5 0
23 16 14 1
193 70 9 1
1 66 10 1
132 99 1 0
188 141 2 0
172 147 1 0
175 108 3 1
55 12 3 1
33 60 11 1
175 115 2 0
99 6 1 0
146 2 5 1
145 194 5 0
35 21 8 0
146 175 13 1
28 59 9 0
48 112 7 1
27 63 14 1
135 13 3 0
39 19 10 1
80 161 1 0
197 150 13 0
180 68 4 1
120 192 2 1
31 53 7 1
3 48 14 1
17 185 12 1
67 53 12 0
20 53 1 0
75 117 15 1
22 55 13 1
21 152 2 1
172 45 11 0
149 164 6 0
130 25 11 1
155 95 7 0
173 90 4 0
189 81 9 0
47 22 14 0
158 189 3 1
118 144 7 1
143 113 13 0
81 5 6 0
108 146 15 1
6 48 6 1
88 69 7 0
70 39 12 0
190 134 5 1
90 33 2 1
187 171 12 1
83 90 2 1
107 140 13 0
103 5 1 1
48 22 4 1
47 198 9 0
43 155 15 0
51 13 15 1
79 129 11 0
167 153 3 0
110 17 11 0
179 189 14 0
87 179 3 1
101 120 15 1
136 11 5 0
180 57 5 1
149 156 14 1
70 85 10 1
42 181 12 1
154 157 10 0
111 160 5 1
111 159 15 0
187 175 15 1
10 1 8 0
184 41 9 0
77 134 8 0
94 108 4 0
23 6 7 1
154 170 11 0
37 28 13 0
148 136 2 1
12 155 14 0
8 62 12 0
51 100 3 0
193 1 5 0
153 186 1 1
72 153 13 0
189 101 8 0
89 45 3 0
38 103 11 1
7 143 6 1
72 163 4 1
119 140 7 1
54 132 11 0
151 79 2 0
37 22 11 1
134 119 3 0
110 59 11 1
163 10 14 0
200 40 2 1
4 32 8 0
191 4 10 1
160 61 13 1
114 39 4 1
185 71 6 1
91 155 11 1
124 129 14 1
34 126 11 1
167 132 2 0
111 66 4 1
29 105 7 1
51 9 8 1
2 21 1 1
61 6 11 1
85 29 13 0
122 59 1 0
123 1 3 0
47 120 3 0
12 166 2 1
145 37 6 1
121 110 2 0
108 103 5 1
197 179 9 1
43 182 6 1
184 85 13 0
49 118 1 0
149 111 14 1
12 184 11 1
70 179 10 1
66 139 11 1
88 17 6 0
156 199 5 0
48 153 8 0
191 167 2 0
3 6 11 0
41 87 10 0
52 175 2 0
76 55 1 0
111 181 10 0
96 153 14 0
97 13 6 1
149 16 1 1
94 193 1 0
48 56 10 1
156 33 1 1
103 166 5 1
187 4 10 0
173 85 11 0
143 90 12 1
60 66 4 1
64 111 9 0
13 38 6 1
25 97 10 0
173 137 11 0
93 61 12 0
147 121 5 1
83 190 12 0
119 67 9 0
106 145 15 0
57 25 8 1
82 65 9 1
80 105 11 0
26 10 7 1
145 82 6 1
106 11 10 0
55 186 2 1
180 85 2 0
52 13 1 1
129 26 1 0
13 45 2 1
72 199 13 1
127 25 5 1
174 96 12 0
107 198 6 0
133 86 12 1
13 46 5 0
36 106 5 1
64 178 8 1
127 101 6 1
18 98 6 0
147 143 10 0
78 39 6 0
9 46 10 0
157 9 8 1
119 87 8 0
188 77 1 0
28 35 10 0
157 197 9 0
171 139 5 0
149 57 10 1
131 93 1 1
179 10 9 0
66 132 2 0
143 3 6 0
157 11 11 0
106 62 13 1
86 30 13 1
32 166 6 0
62 77 4 0
154 87 9 0
10 61 12 0
104 137 11 0
173 11 3 1
22 36 14 1
136 95 12 0
196 193 15 1
107 186 8 0
33 3 3 1
142 191 4 0
88 180 10 1
27 90 6 1
50 48 13 1
16 185 15 1
26 107 14 0
14 72 9 1
13 144 4 1
175 20 14 1
66 36 6 0
191 153 15 0
133 25 4 0
162 184 15 1
55 192 11 0
184 142 7 1
28 139 2 1
27 137 1 1
55 8 15 1
18 101 3 1
104 50 13 0
159 173 6 1
38 45 10 0
108 178 14 0
167 190 1 0
189 200 2 0
12 5 11 0
12 96 15 0
13 159 12 1
148 104 2 0
140 146 12 1
108 92 3 0
121 51 6 1
96 128 2 0
196 26 8 1
117 52 11 0
116 96 14 0
55 51 8 0
35 54 1 0
129 183 1 1
49 158 13 1
43 124 5 1
144 36 1 0
77 133 4 0
152 14 4 0
44 21 6 0
182 116 1 0
32 17 2 1
185 187 2 0
50 83 12 1
24 71 11 0
143 86 12 0
50 10 4 0
87 70 13 0
14 113 4 0
179 140 10 1
149 3 12 0
37 100 15 1
172 119 15 0
39 16 2 0
151 170 1 1
30 40 15 0
105 35 7 0
169 20 3 0
169 69 3 1
67 96 10 0
108 147 11 0
34 95 2 0
120 88 4 1
6 12 2 0
84 168 7 0
127 61 2 0
124 151 5 1
161 35 1 1
43 182 13 1
129 15 6 0
98 54 2 1
4 105 6 1
12 151 6 1
18 126 5 1
4 74 4 0
195 37 8 0
62 32 11 1
60 45 12 1
14 130 4 0
126 81 11 1
160 114 6 1
68 75 1 0
121 177 5 1
154 144 5 1
37 34 10 0
37 135 15 1
40 119 14 0
189 43 5 0
186 22 10 1
8 83 1 0
14 9 11 0
136 144 11 1
54 55 2 1
125 105 14 1
135 86 3 0
85 181 11 0
104 51 13 0
132 30 8 0
53 42 7 1
80 151 4 0
171 190 15 0
55 35 11 1
47 111 5 0
128 43 15 0
78 34 3 1
133 8 3 0
117 68 10 1
15 11 11 0
75 59 13 0
182 28 10 0
43 93 11 1
54 198 2 0
42 83 9 0
132 60 7 1
68 161 4 1
100 177 5 1
95 107 2 0
7 190 1 1
169 179 3 1
29 166 8 1
106 145 12 0
23 39 15 0
60 156 5 1
133 54 2 0
189 175 9 0
144 7 13 0
25 35 13 0
121 10 5 0
113 49 14 1
118 158 1 1
139 138 7 1
2 123 9 0
143 165 12 0
164 44 8 1
60 154 13 0
162 43 9 1
87 2 5 1
193 146 2 1
103 6 9 1
176 157 10 1
196 135 10 0
63 153 11 1
19 97 6 0
86 58 9 0
13 131 9 1
14 131 11 1
94 91 3 1
110 122 13 1
49 141 2 1
20 102 2 0
184 169 5 1
89 75 13 1
59 118 8 0
142 60 12 1
77 176 1 1
31 75 3 0
128 28 2 0
74 132 12 1
132 186 4 0
97 37 14 0
127 22 10 0
34 30 6 0
37 158 2 0
143 12 12 0
40 141 3 1
162 161 8 0
186 80 1 0
61 167 6 0
200 199 2 0
102 36 7 1
89 19 14 1
52 195 15 0
177 190 9 1
20 32 2 0
11 61 6 1
115 2 8 0
27 152 3 0
46 121 7 0
106 165 5 1
69 36 12 0
37 195 14 0
120 125 4 1
192 145 9 1
69 151 2 0
165 147 1 0
132 156 13 0
198 29 6 1
27 178 9 1
55 65 2 1
6 118 15 0
11 56 14 0
172 45 12 0
85 119 2 0
9 196 4 0
49 179 8 0
7 151 12 1
103 90 7 0
88 83 1 1
188 70 7 1
99 165 7 1
54 52 1 0
45 97 13 1
188 42 15 0
67 173 7 1
191 4 15 1
168 163 3 1
116 158 8 1
166 129 7 0
119 51 3 1
111 1 13 1
121 88 6 0
85 170 2 1
185 179 4 1
126 71 7 1
108 140 3 0
71 80 12 0
92 154 10 1
120 101 4 1
47 123 8 1
6 155 7 1
183 57 6 1
190 189 9 1
81 108 3 1
131 168 3 1
35 7 2 1
159 182 8 0
166 190 3 0
12 174 3 0
69 148 6 0
19 78 2 1
171 77 5 0
127 108 6 0
69 33 7 0
163 170 12 0
131 125 8 1
130 197 6 1
187 166 13 1
119 156 7 0
194 125 14 0
120 11 5 1
136 40 6 0
168 152 9 0
155 55 5 1
132 90 8 1
109 51 9 1
152 84 13 0
81 90 7 1
104 144 14 1
162 23 3 1
101 109 14 0
29 199 11 0
172 2 6 0
190 66 7 1
158 180 8 1
100 86 2 1
64 17 12 0
194 175 10 0
20 38 12 0
135 158 12 1
82 41 1 0
61 70 2 0
162 97 2 0
62 31 2 0
146 186 6 1
109 162 14 1
144 30 11 1
99 168 12 1
8 110 10 1
45 71 1 0
24 111 8 0
79 66 4 1
97 84 13 1
147 81 13 0
